The 1th bicluster:
	row_pattern:	352	353	355	356	
	col_pattern:	770	1350	302	360	397	455	493	505	596	606	610	627	628	633	634	641	644	662	663	680	687	688	709	898	904	921	1096	1277	1287	1373	1448	1476	1891	1943	2144	2291	2488	2568	3136	3154	7241	
The 2th bicluster:
	row_pattern:	352	353	355	356	
	col_pattern:	709	1287	302	360	397	455	493	505	596	606	610	628	633	634	641	644	662	663	680	687	688	770	898	904	921	1096	1200	1277	1350	1373	1448	1476	1891	1943	2144	2291	2488	2568	3136	3154	7241	
The 3th bicluster:
	row_pattern:	352	353	355	356	
	col_pattern:	641	3070	18	302	360	397	455	493	505	596	606	610	628	633	634	644	662	663	680	687	688	709	770	898	904	921	1096	1277	1287	1350	1373	1448	1476	1891	1943	2144	2291	2488	2568	2674	7241	
The 4th bicluster:
	row_pattern:	352	353	355	356	
	col_pattern:	641	2568	18	302	360	397	455	493	505	596	606	610	628	633	634	644	662	663	680	687	688	709	770	898	904	921	1096	1277	1287	1350	1373	1448	1476	1891	1943	2144	2291	2488	3136	3154	7241	
The 5th bicluster:
	row_pattern:	352	353	355	356	
	col_pattern:	641	709	18	302	360	397	455	493	505	596	606	610	628	633	634	644	662	663	680	687	688	770	898	904	921	1277	1287	1350	1373	1448	1476	1891	1943	2144	2291	2488	2568	3136	3154	7241	
The 6th bicluster:
	row_pattern:	352	353	355	356	
	col_pattern:	641	688	302	360	397	455	493	505	596	606	610	628	633	634	644	662	663	680	687	709	770	898	904	921	1096	1277	1287	1350	1373	1448	1476	1891	1943	2144	2291	2488	2568	3136	3154	7241	
The 7th bicluster:
	row_pattern:	352	353	355	356	
	col_pattern:	610	3070	18	302	360	397	455	493	505	596	606	628	634	641	644	662	663	680	687	688	709	770	898	904	921	1096	1277	1287	1350	1373	1448	1476	1891	1943	1959	2488	2568	3136	3154	7241	
The 8th bicluster:
	row_pattern:	352	353	355	356	
	col_pattern:	2568	3629	302	360	397	455	493	505	596	606	610	628	633	634	641	644	662	663	680	687	688	709	770	855	898	1277	1287	1350	1373	1448	1476	1891	1943	2144	2291	2488	3136	3154	7241	
The 9th bicluster:
	row_pattern:	352	353	355	356	
	col_pattern:	1943	3070	18	302	360	397	455	493	505	596	606	610	628	633	634	641	644	662	663	680	687	688	709	770	855	1277	1287	1350	1373	1448	1476	1891	2144	2291	2488	2568	3136	3154	7241	
The 10th bicluster:
	row_pattern:	352	353	355	356	
	col_pattern:	641	644	18	302	360	397	455	493	505	596	606	610	628	633	634	662	663	688	709	770	898	904	921	1096	1277	1287	1350	1373	1448	1476	1891	1943	2144	2291	2488	2568	2674	7241	
The 11th bicluster:
	row_pattern:	208	353	355	356	
	col_pattern:	633	2568	18	302	360	397	455	493	505	596	606	610	628	634	641	644	662	663	680	687	688	709	770	898	904	921	1096	1277	1287	1350	1891	1943	2144	2291	2488	3136	3154	7241	
The 12th bicluster:
	row_pattern:	352	353	355	356	
	col_pattern:	610	641	18	302	360	397	455	493	505	596	606	628	634	644	662	663	680	688	709	770	898	904	921	1096	1277	1287	1350	1373	1448	1476	1891	1943	2144	2291	2488	2568	2674	7241	
The 13th bicluster:
	row_pattern:	352	353	355	356	
	col_pattern:	397	641	18	302	360	493	505	606	610	628	633	634	644	662	663	680	687	688	709	770	898	904	921	1096	1277	1287	1350	1373	1448	1476	1891	1943	2144	2291	2488	2568	2674	7241	
The 14th bicluster:
	row_pattern:	352	353	355	356	
	col_pattern:	1350	1943	18	302	360	397	455	493	505	596	606	610	628	633	634	641	644	662	663	680	687	688	709	770	855	1277	1287	1373	1448	1476	1891	2144	2488	2568	3136	3154	7241	
The 15th bicluster:
	row_pattern:	208	353	355	356	
	col_pattern:	633	1943	18	302	360	397	455	493	505	596	606	610	628	634	641	644	662	663	680	687	688	709	770	898	904	921	1096	1277	1287	1350	1891	2144	2488	2568	3136	3154	7241	
The 16th bicluster:
	row_pattern:	352	353	355	356	
	col_pattern:	709	3942	302	360	397	493	505	596	606	610	627	628	633	634	641	644	662	663	680	687	688	770	898	918	921	1096	1200	1287	1350	1373	1448	1476	1891	1943	1959	7241	
The 17th bicluster:
	row_pattern:	352	353	355	356	
	col_pattern:	634	3070	397	455	493	505	596	606	610	628	633	641	644	662	663	680	687	688	709	770	855	898	1277	1287	1350	1373	1448	1476	1891	1943	2144	2291	2488	2568	2674	7241	
The 18th bicluster:
	row_pattern:	208	353	355	356	
	col_pattern:	633	709	18	302	360	397	455	493	505	596	606	610	628	634	641	644	662	663	680	687	688	770	898	904	921	1277	1287	1891	1943	2144	2291	2488	2568	3136	3154	7241	
The 19th bicluster:
	row_pattern:	208	353	355	356	
	col_pattern:	633	644	18	302	360	397	455	493	505	596	606	610	628	634	641	662	663	688	709	770	898	904	921	1096	1277	1287	1350	1891	1943	2144	2291	2488	2568	3136	3154	7241	
The 20th bicluster:
	row_pattern:	352	353	355	356	
	col_pattern:	493	3070	302	360	397	455	505	606	610	628	633	634	641	644	662	663	680	687	688	709	770	855	1277	1287	1350	1373	1448	1476	1891	1943	2144	2291	2488	2568	2674	7241	
The 21th bicluster:
	row_pattern:	208	353	355	356	
	col_pattern:	397	633	18	302	360	493	505	606	610	628	634	641	644	662	663	680	687	688	709	770	898	904	921	1096	1277	1287	1350	1891	1943	2144	2291	2488	2568	3136	3154	7241	
The 22th bicluster:
	row_pattern:	352	353	355	356	
	col_pattern:	32	634	397	455	493	505	596	606	610	628	633	641	644	662	663	680	687	688	709	770	855	898	1277	1287	1350	1373	1448	1476	1891	1943	2144	2291	2488	2568	2674	7241	
The 23th bicluster:
	row_pattern:	352	353	355	356	
	col_pattern:	32	493	302	360	397	455	505	606	610	628	633	634	641	644	662	663	680	687	688	709	770	855	1277	1287	1350	1373	1448	1476	1891	1943	2144	2291	2488	2568	2674	7241	
The 24th bicluster:
	row_pattern:	352	353	355	356	
	col_pattern:	770	918	493	505	545	596	610	627	628	634	641	644	662	663	680	687	688	693	709	898	921	1096	1287	1350	1373	1448	1476	1891	1943	2144	2291	3136	3942	5189	7241	
The 25th bicluster:
	row_pattern:	352	353	355	356	
	col_pattern:	1350	3070	455	493	505	596	606	610	628	633	634	641	644	662	663	680	687	688	709	770	855	898	1287	1373	1448	1891	1943	2144	2291	2488	2568	3136	3154	7241	
The 26th bicluster:
	row_pattern:	352	353	355	356	
	col_pattern:	1350	3942	493	505	596	606	610	627	628	634	641	644	662	663	680	687	688	693	709	770	855	898	918	921	1096	1287	1373	1891	1943	2144	2291	3136	7241	
The 27th bicluster:
	row_pattern:	352	353	355	356	
	col_pattern:	918	3942	505	596	610	627	628	634	641	644	662	663	680	687	688	693	709	770	898	921	1096	1135	1287	1350	1373	1448	1476	1891	1943	2144	2291	3136	7241	
The 28th bicluster:
	row_pattern:	352	353	355	356	
	col_pattern:	688	3942	493	505	596	606	610	627	628	634	641	644	662	663	680	687	693	709	770	855	918	921	1287	1350	1373	1448	1476	1891	1943	2144	2291	3136	7241	
The 29th bicluster:
	row_pattern:	208	353	355	356	
	col_pattern:	633	2488	18	273	360	397	455	493	596	606	610	634	641	644	680	709	898	904	921	1022	1096	1203	1277	1287	1350	1891	1943	2144	2156	2568	3136	3154	7241	
The 30th bicluster:
	row_pattern:	352	353	355	356	
	col_pattern:	918	1287	493	505	596	606	610	627	628	634	641	644	662	663	680	687	688	693	709	770	855	898	1350	1373	1448	1891	1943	2144	2291	3136	3942	7241	
The 31th bicluster:
	row_pattern:	352	353	355	356	
	col_pattern:	493	641	18	302	360	397	455	606	610	633	634	644	680	709	855	1277	1287	1350	1373	1448	1476	1891	1943	2144	2156	2488	2548	2568	2783	3136	3154	7241	
The 32th bicluster:
	row_pattern:	352	353	355	356	
	col_pattern:	644	3070	181	455	493	596	606	610	633	634	641	680	709	855	874	1277	1287	1350	1373	1448	1476	1891	1943	2144	2291	2488	2568	2704	3136	3154	7241	
The 33th bicluster:
	row_pattern:	208	353	355	356	
	col_pattern:	633	1277	18	302	360	397	455	493	596	606	610	634	641	644	680	709	898	904	921	1022	1096	1203	1891	1943	2144	2156	2488	2568	3136	3154	7241	
The 34th bicluster:
	row_pattern:	352	353	355	356	
	col_pattern:	606	3070	18	397	455	493	596	610	633	634	641	644	680	681	709	898	904	1277	1287	1350	1373	1448	1476	1891	1943	2144	2156	2488	2568	2993	7241	
The 35th bicluster:
	row_pattern:	352	353	355	356	
	col_pattern:	606	3057	18	397	455	493	596	610	633	634	641	644	680	681	709	898	904	1277	1287	1350	1373	1448	1476	1891	1943	2144	2156	2488	2568	2993	7241	
The 36th bicluster:
	row_pattern:	208	353	355	356	
	col_pattern:	493	633	18	302	360	397	455	606	610	634	641	644	680	709	898	904	921	1022	1096	1203	1277	1287	1891	1943	2144	2156	2488	2568	3136	3154	7241	
The 37th bicluster:
	row_pattern:	15	16	71	205	365	568	
	col_pattern:	1522	2073	578	579	615	662	663	687	688	701	737	756	780	898	1058	1059	1096	1315	1317	1557	1661	1704	2271	2577	3324	3622	3637	5450	6729	
The 38th bicluster:
	row_pattern:	15	16	71	205	365	568	
	col_pattern:	615	737	445	578	579	662	663	687	688	701	756	780	898	1058	1059	1096	1315	1317	1522	1557	1661	1704	2271	2577	3622	3637	4560	5450	6729	
The 39th bicluster:
	row_pattern:	15	16	71	365	568	
	col_pattern:	2271	3637	445	579	615	662	663	680	687	701	756	780	898	1018	1058	1059	1096	1135	1315	1317	1522	1557	1661	1704	2577	3324	3622	5450	
The 40th bicluster:
	row_pattern:	15	16	71	205	365	568	
	col_pattern:	737	2271	445	578	579	615	618	662	663	687	701	756	780	898	1058	1059	1096	1315	1317	1522	1557	1661	1704	2577	3622	3637	4560	5450	
The 41th bicluster:
	row_pattern:	15	16	71	205	365	568	
	col_pattern:	737	1317	578	579	615	662	663	687	688	701	756	780	898	1058	1059	1096	1315	1522	1557	1661	1704	2271	2577	3324	3622	3637	5450	6729	
The 42th bicluster:
	row_pattern:	15	16	71	205	365	568	
	col_pattern:	737	780	445	578	579	615	617	662	663	687	701	756	898	1058	1059	1096	1315	1317	1522	1557	1661	1704	2271	2577	3622	3637	4560	5450	
The 43th bicluster:
	row_pattern:	15	16	71	365	568	
	col_pattern:	663	1315	445	579	615	662	680	687	701	737	756	780	898	1018	1058	1059	1096	1135	1317	1522	1661	1704	2271	2273	2577	3622	3637	5450	
The 44th bicluster:
	row_pattern:	352	353	355	356	
	col_pattern:	3057	3070	181	455	606	610	633	634	641	644	855	874	1277	1350	1373	1448	1476	1891	1943	2144	2156	2488	2568	2704	3136	3154	7241	
The 45th bicluster:
	row_pattern:	15	16	71	365	568	
	col_pattern:	1704	3622	445	579	615	662	663	680	687	701	737	756	780	815	1058	1059	1096	1315	1317	1522	1557	1661	2271	2577	3324	3637	5450	
The 46th bicluster:
	row_pattern:	15	16	71	205	365	568	
	col_pattern:	1704	2577	445	579	615	662	663	687	688	701	737	756	780	898	1058	1059	1096	1315	1317	1522	1557	1661	2271	3324	3622	3637	5450	
The 47th bicluster:
	row_pattern:	15	16	71	205	365	568	
	col_pattern:	1704	2073	445	578	579	615	618	662	663	687	701	737	756	780	898	1018	1058	1059	1096	1315	1317	1522	1557	1661	2271	2577	5450	
The 48th bicluster:
	row_pattern:	15	16	71	365	568	
	col_pattern:	1292	3637	579	615	662	663	680	687	701	756	780	1018	1058	1059	1096	1135	1315	1317	1522	1557	1661	1704	2271	2577	3324	3622	5450	
The 49th bicluster:
	row_pattern:	15	16	71	365	568	
	col_pattern:	780	3637	445	579	615	662	663	680	687	701	756	898	1018	1058	1059	1096	1315	1317	1522	1557	1661	1704	2271	2577	3324	3622	5450	
The 50th bicluster:
	row_pattern:	15	16	71	365	568	
	col_pattern:	663	2271	445	579	615	662	666	687	701	756	780	898	1018	1058	1059	1096	1315	1317	1522	1557	1661	1704	2577	3622	3637	3644	5450	
The 51th bicluster:
	row_pattern:	15	16	71	365	568	
	col_pattern:	663	1317	579	615	662	687	688	701	737	756	780	898	1018	1058	1059	1096	1315	1522	1557	1661	1704	2271	2577	3324	3622	3637	5450	
The 52th bicluster:
	row_pattern:	15	16	71	205	364	365	568	
	col_pattern:	579	2073	445	578	615	662	663	687	701	737	756	780	898	1058	1059	1096	1315	1317	1522	1557	1661	1704	2271	2577	3622	3637	5450	
The 53th bicluster:
	row_pattern:	15	16	71	205	365	568	
	col_pattern:	578	1522	579	615	662	663	687	701	709	737	756	780	898	1058	1059	1096	1315	1317	1557	1661	1704	2271	2577	3622	3637	5450	6729	
The 54th bicluster:
	row_pattern:	15	16	71	205	365	568	
	col_pattern:	2271	2577	445	579	615	662	663	687	688	701	756	780	898	1058	1059	1096	1315	1317	1522	1557	1661	1704	3324	3622	3637	5450	
The 55th bicluster:
	row_pattern:	208	352	353	355	356	
	col_pattern:	1943	2568	18	397	493	505	606	610	628	633	634	641	644	662	688	709	770	898	904	1277	1287	1350	1891	2144	2488	7241	
The 56th bicluster:
	row_pattern:	208	352	353	355	356	
	col_pattern:	1891	1943	18	397	493	505	606	610	628	633	634	641	644	662	688	709	770	898	904	1277	1287	1350	2488	2568	3136	7241	
The 57th bicluster:
	row_pattern:	15	16	71	205	365	568	
	col_pattern:	1704	2271	445	578	579	615	618	662	663	687	701	737	756	780	898	1018	1058	1059	1096	1315	1317	1522	1557	1661	2577	5450	
The 58th bicluster:
	row_pattern:	15	16	71	205	364	365	568	
	col_pattern:	1661	2073	445	578	579	615	662	663	687	701	737	756	780	815	1058	1059	1315	1317	1522	1557	1704	2271	2577	3622	3637	5450	
The 59th bicluster:
	row_pattern:	15	16	71	365	568	
	col_pattern:	1522	3637	579	615	662	663	666	687	701	756	780	1018	1058	1059	1096	1135	1315	1317	1557	1661	1704	2271	2577	3324	3622	5450	
The 60th bicluster:
	row_pattern:	15	16	71	205	365	568	
	col_pattern:	1522	2271	445	578	579	615	618	662	663	687	701	737	756	780	898	1018	1058	1059	1096	1315	1317	1661	1704	2577	4560	5450	
The 61th bicluster:
	row_pattern:	15	16	71	205	365	568	
	col_pattern:	780	2577	445	579	615	662	663	687	688	701	756	1058	1059	1096	1315	1317	1522	1557	1661	1704	2271	3324	3622	3637	5450	6729	
The 62th bicluster:
	row_pattern:	208	352	353	355	356	
	col_pattern:	770	1891	302	397	493	505	606	610	627	633	634	641	644	662	688	709	898	1277	1287	1350	1943	2144	2488	2568	3136	7241	
The 63th bicluster:
	row_pattern:	15	16	71	205	365	568	
	col_pattern:	737	1704	374	578	579	615	662	663	687	701	756	757	780	1058	1059	1096	1315	1317	1522	1557	1661	2271	2577	4560	5450	6729	
The 64th bicluster:
	row_pattern:	208	352	353	355	356	
	col_pattern:	709	2488	18	397	493	505	606	610	628	633	634	641	644	662	688	770	898	1277	1287	1350	1891	1943	2144	2291	2568	7241	
The 65th bicluster:
	row_pattern:	208	352	353	355	356	
	col_pattern:	709	1943	18	397	493	505	606	610	628	633	634	641	644	662	688	770	898	1277	1287	1350	1891	2144	2488	2568	3136	7241	
The 66th bicluster:
	row_pattern:	15	16	71	365	568	
	col_pattern:	687	3637	579	615	662	663	680	701	756	780	898	1018	1058	1059	1096	1315	1317	1522	1557	1661	1704	2271	2577	3324	3622	5450	
The 67th bicluster:
	row_pattern:	15	16	71	205	365	568	
	col_pattern:	687	1317	579	615	662	663	701	737	743	756	780	1058	1059	1096	1315	1522	1557	1661	1704	2271	2577	3324	3622	3637	5450	6729	
The 68th bicluster:
	row_pattern:	15	16	71	205	365	568	
	col_pattern:	687	701	445	579	615	662	663	756	757	780	1058	1059	1096	1315	1317	1522	1557	1661	1704	2271	2577	3324	3622	3637	5450	6729	
The 69th bicluster:
	row_pattern:	15	16	71	365	568	
	col_pattern:	663	3637	579	615	662	687	688	701	756	780	898	1018	1058	1059	1096	1315	1317	1522	1557	1661	1704	2271	2577	3324	3622	5450	
The 70th bicluster:
	row_pattern:	208	352	353	355	356	
	col_pattern:	644	709	302	397	493	505	606	610	628	633	634	641	688	770	898	904	1277	1287	1350	1891	1943	2144	2488	2568	3136	7241	
The 71th bicluster:
	row_pattern:	208	352	353	355	356	
	col_pattern:	606	610	18	397	493	505	633	634	641	644	662	688	709	770	898	904	1277	1287	1350	1891	1943	2144	2488	2568	3136	7241	
The 72th bicluster:
	row_pattern:	208	352	353	355	356	
	col_pattern:	493	770	302	397	606	610	628	633	634	641	644	662	688	709	898	904	1277	1287	1350	1891	1943	2144	2488	2568	3136	7241	
The 73th bicluster:
	row_pattern:	208	352	353	355	356	
	col_pattern:	397	709	18	493	606	610	628	633	634	641	644	662	688	770	898	904	1277	1287	1350	1891	1943	2144	2488	2568	3136	7241	
The 74th bicluster:
	row_pattern:	15	16	71	205	365	568	
	col_pattern:	3079	4323	199	221	284	304	366	404	494	500	575	615	662	687	756	780	1058	1059	1072	1272	1382	1401	1661	1704	1796	
The 75th bicluster:
	row_pattern:	15	16	71	205	364	365	568	
	col_pattern:	2073	2271	206	445	578	579	615	662	663	687	701	737	756	780	898	1058	1059	1315	1317	1329	1522	1661	1704	2577	5450	
The 76th bicluster:
	row_pattern:	15	16	71	365	568	
	col_pattern:	1867	3637	579	615	662	663	680	687	701	756	780	1058	1059	1072	1315	1317	1522	1557	1661	1704	2271	2577	3324	3622	5450	
The 77th bicluster:
	row_pattern:	15	16	71	365	568	
	col_pattern:	1864	3637	579	615	662	663	680	687	701	756	780	1058	1059	1072	1315	1317	1522	1557	1661	1704	2271	2577	3324	3622	5450	
The 78th bicluster:
	row_pattern:	15	16	71	205	365	568	
	col_pattern:	1661	1704	374	445	578	579	615	662	663	687	701	706	737	756	780	898	1058	1059	1096	1315	1317	1522	1557	2271	2577	
The 79th bicluster:
	row_pattern:	15	16	71	205	364	365	568	
	col_pattern:	1317	2271	206	445	578	579	615	662	663	687	701	737	756	780	898	1058	1059	1315	1522	1557	1661	1704	2577	5450	6729	
The 80th bicluster:
	row_pattern:	15	16	71	205	364	365	568	
	col_pattern:	1317	2073	206	578	579	615	662	663	687	701	737	756	780	898	1058	1059	1315	1522	1661	1704	2271	2577	4560	5450	6729	
The 81th bicluster:
	row_pattern:	15	16	71	205	365	568	
	col_pattern:	1292	1522	579	615	662	663	687	701	709	756	780	1058	1059	1096	1315	1317	1557	1661	1704	2271	2577	3324	3622	3637	5450	
The 82th bicluster:
	row_pattern:	208	352	353	355	356	
	col_pattern:	1277	1891	18	397	493	505	606	610	628	633	634	641	644	662	688	709	770	898	904	1287	1943	2488	2568	3136	7241	
The 83th bicluster:
	row_pattern:	15	16	71	205	364	365	568	
	col_pattern:	1059	2271	206	445	579	615	662	663	687	701	737	756	780	898	1058	1315	1317	1522	1557	1661	1704	2577	3622	3637	5450	
The 84th bicluster:
	row_pattern:	15	16	71	205	365	568	
	col_pattern:	1058	2577	445	579	615	662	663	687	688	701	756	780	898	1059	1315	1317	1522	1557	1661	1704	2271	3324	3622	3637	5450	
The 85th bicluster:
	row_pattern:	15	16	71	205	364	365	568	
	col_pattern:	780	2271	445	579	615	662	663	687	701	737	756	895	1058	1059	1315	1317	1522	1557	1661	1704	2577	3622	3637	5450	6729	
The 86th bicluster:
	row_pattern:	15	16	71	365	568	
	col_pattern:	707	1382	159	199	284	304	366	404	494	500	615	662	663	687	756	758	780	1058	1059	1096	1272	1661	1704	2265	2377	
The 87th bicluster:
	row_pattern:	15	16	71	205	364	365	568	
	col_pattern:	701	2073	206	445	578	579	615	662	663	687	737	756	780	898	1058	1059	1315	1317	1522	1557	1661	1704	2271	2577	5450	
The 88th bicluster:
	row_pattern:	15	16	71	205	364	365	568	
	col_pattern:	701	780	445	579	615	662	663	687	737	756	898	1058	1059	1315	1317	1522	1557	1661	1704	2271	2577	3324	3622	5450	6729	
The 89th bicluster:
	row_pattern:	15	16	71	205	365	568	
	col_pattern:	687	2271	445	579	615	662	663	701	706	756	780	1058	1059	1096	1315	1317	1522	1557	1661	1704	2577	3324	3622	3637	5450	
The 90th bicluster:
	row_pattern:	15	16	71	365	568	
	col_pattern:	663	1059	199	221	284	304	366	404	494	500	579	615	662	687	756	758	780	1058	1096	1382	1661	1704	2265	2271	2377	
The 91th bicluster:
	row_pattern:	208	352	353	355	356	
	col_pattern:	644	1943	18	397	493	505	606	610	628	633	634	641	688	709	770	855	1277	1287	1350	1891	2488	2568	3136	3154	7241	
The 92th bicluster:
	row_pattern:	208	352	353	355	356	
	col_pattern:	644	1891	302	397	493	505	606	610	628	633	634	641	688	709	770	855	1277	1287	1350	1943	2488	2568	3136	3154	7241	
The 93th bicluster:
	row_pattern:	208	352	353	355	356	
	col_pattern:	610	2568	18	397	493	505	606	628	634	641	644	662	688	709	770	898	1277	1287	1350	1373	1891	1943	2144	2488	7241	
The 94th bicluster:
	row_pattern:	208	352	353	355	356	
	col_pattern:	610	1943	18	397	493	505	606	628	634	641	644	662	688	709	770	898	1277	1287	1350	1373	1891	2488	2568	3136	7241	
The 95th bicluster:
	row_pattern:	208	352	353	355	356	
	col_pattern:	610	709	302	397	493	505	606	627	634	641	644	662	688	770	898	1277	1287	1350	1891	1943	2144	2488	2568	3136	7241	
The 96th bicluster:
	row_pattern:	208	352	353	355	356	
	col_pattern:	610	644	18	397	493	505	606	628	634	641	688	709	770	898	904	1277	1287	1350	1891	1943	2144	2488	2568	3136	7241	
The 97th bicluster:
	row_pattern:	15	16	71	205	365	568	
	col_pattern:	578	1317	579	615	662	663	687	701	706	737	756	780	898	1058	1059	1096	1315	1522	1557	1661	1704	2271	2577	5450	6729	
The 98th bicluster:
	row_pattern:	15	16	71	205	365	568	
	col_pattern:	494	4323	199	221	284	304	366	404	615	616	687	707	756	780	1058	1059	1272	1274	1382	1661	1704	1796	3079	3257	4533	
The 99th bicluster:
	row_pattern:	208	352	353	355	356	
	col_pattern:	493	1891	302	397	606	610	628	633	634	641	644	662	688	709	770	855	1277	1287	1350	1943	2488	2568	3136	3154	7241	
The 100th bicluster:
	row_pattern:	15	16	71	205	364	365	568	
	col_pattern:	445	1317	206	578	579	615	662	663	687	701	737	756	780	898	1058	1059	1315	1522	1661	1704	2271	2577	4560	5450	6729	
The 101th bicluster:
	row_pattern:	15	205	364	365	
	col_pattern:	206	2271	445	578	579	615	662	687	701	737	756	780	1058	1059	1287	1315	1317	1522	1557	1661	1704	2073	2577	5450	6729	
The 102th bicluster:
	row_pattern:	15	16	71	205	364	365	568	
	col_pattern:	1661	2271	206	445	578	579	615	662	663	687	701	737	756	780	898	1058	1059	1315	1317	1329	1522	1704	2577	5450	
The 103th bicluster:
	row_pattern:	15	16	71	365	568	
	col_pattern:	1522	3622	579	615	662	663	666	687	701	756	780	1058	1059	1072	1315	1317	1661	1704	2271	2273	2577	3637	5450	6729	
The 104th bicluster:
	row_pattern:	15	16	71	205	365	568	
	col_pattern:	1382	3079	199	221	284	304	366	404	494	500	575	615	662	663	687	756	780	1058	1059	1072	1272	1661	1704	2265	
The 105th bicluster:
	row_pattern:	15	16	71	205	364	365	568	
	col_pattern:	1292	2271	445	579	615	662	663	687	701	756	780	815	1058	1059	1315	1317	1522	1557	1661	1704	2577	3622	3637	5450	
The 106th bicluster:
	row_pattern:	15	16	71	205	365	568	
	col_pattern:	1058	1704	304	366	404	494	500	579	615	662	663	687	756	780	1018	1059	1096	1315	1317	1382	1557	1661	2265	2271	
The 107th bicluster:
	row_pattern:	15	16	71	205	365	568	
	col_pattern:	1058	1661	199	221	284	304	366	404	494	500	579	615	662	663	687	756	780	1018	1059	1096	1382	1704	2265	2271	
The 108th bicluster:
	row_pattern:	15	16	71	205	364	365	568	
	col_pattern:	780	1315	445	579	615	662	663	687	701	737	756	895	1058	1059	1317	1522	1661	1704	2271	2577	3622	3637	5450	6729	
The 109th bicluster:
	row_pattern:	15	16	71	365	568	
	col_pattern:	756	3622	271	284	304	366	404	494	579	580	615	662	663	687	780	781	1058	1059	1096	1382	1661	1704	2265	2271	
The 110th bicluster:
	row_pattern:	15	16	71	365	568	
	col_pattern:	663	756	199	221	284	304	366	404	494	500	579	615	662	687	780	781	1058	1059	1096	1382	1661	1704	2265	2271	
The 111th bicluster:
	row_pattern:	15	16	71	365	568	
	col_pattern:	662	3637	271	284	304	366	404	494	579	580	615	663	687	756	780	781	1058	1059	1096	1382	1661	1704	2265	2271	
The 112th bicluster:
	row_pattern:	15	16	71	365	568	
	col_pattern:	662	1382	159	199	284	304	366	404	494	500	615	663	687	756	780	781	1058	1059	1096	1272	1661	1704	2265	2377	
The 113th bicluster:
	row_pattern:	208	352	353	355	356	
	col_pattern:	610	634	18	397	493	505	606	628	644	688	709	770	898	904	1277	1287	1350	1891	1943	2143	2488	2568	3136	7241	
The 114th bicluster:
	row_pattern:	15	16	71	205	364	365	568	
	col_pattern:	579	1315	445	578	615	662	663	687	701	737	756	780	895	1058	1059	1317	1522	1661	1704	2271	2577	3622	3637	5450	
The 115th bicluster:
	row_pattern:	15	16	71	205	365	568	
	col_pattern:	494	3079	199	221	284	304	366	404	575	580	615	662	687	707	756	780	1058	1059	1072	1272	1382	1661	1704	1796	
The 116th bicluster:
	row_pattern:	15	16	71	205	365	568	
	col_pattern:	494	1272	199	221	284	304	366	404	615	616	756	780	1058	1059	1382	1401	1661	1704	1796	2265	3079	3257	4323	4533	
The 117th bicluster:
	row_pattern:	15	16	71	205	365	568	
	col_pattern:	494	615	199	221	284	304	366	404	579	580	687	756	780	1058	1059	1096	1272	1382	1401	1661	1704	2265	3079	5455	
The 118th bicluster:
	row_pattern:	15	16	71	205	364	365	568	
	col_pattern:	445	701	206	579	615	662	663	687	756	780	1058	1059	1096	1315	1317	1522	1661	1704	2271	2577	3324	3622	3637	5450	
The 119th bicluster:
	row_pattern:	15	16	71	205	365	568	
	col_pattern:	199	3079	284	304	366	404	406	494	575	615	662	663	687	756	780	781	1058	1059	1096	1382	1661	1704	2265	2271	
The 120th bicluster:
	row_pattern:	15	16	71	205	365	568	
	col_pattern:	199	1058	284	304	366	404	406	494	575	579	615	662	663	687	756	758	780	1059	1096	1382	1661	1704	2265	2271	
The 121th bicluster:
	row_pattern:	15	16	71	205	365	568	
	col_pattern:	199	780	284	304	366	404	406	494	579	615	662	663	687	756	1018	1058	1059	1096	1382	1557	1661	1704	2265	2271	
The 122th bicluster:
	row_pattern:	15	16	71	205	365	568	
	col_pattern:	199	575	284	304	366	404	406	494	615	662	663	687	756	780	1018	1058	1059	1096	1382	1401	1661	1704	2265	2271	
The 123th bicluster:
	row_pattern:	15	16	71	205	365	568	
	col_pattern:	1382	4323	199	221	284	304	366	404	494	500	615	662	663	687	756	780	1058	1059	1072	1272	1661	1704	2265	
The 124th bicluster:
	row_pattern:	15	16	71	205	365	568	
	col_pattern:	1382	3257	199	221	284	304	366	404	494	500	615	662	663	687	756	780	1058	1059	1072	1272	1661	1704	2265	
The 125th bicluster:
	row_pattern:	15	16	71	205	365	568	
	col_pattern:	1272	3079	199	221	284	304	366	404	494	500	615	662	687	707	756	780	1058	1059	1072	1382	1661	1704	1796	
The 126th bicluster:
	row_pattern:	15	16	71	205	364	365	568	
	col_pattern:	1059	1317	445	579	615	662	663	687	701	737	756	780	815	1058	1315	1522	1661	1704	2271	2577	3324	3622	5450	
The 127th bicluster:
	row_pattern:	15	16	71	205	364	365	568	
	col_pattern:	1059	1315	445	542	579	615	662	663	687	701	756	780	898	1058	1317	1522	1661	1704	2271	2577	3622	3637	5450	
The 128th bicluster:
	row_pattern:	15	16	71	205	365	568	
	col_pattern:	780	1382	199	221	284	304	366	404	494	500	579	615	662	663	687	756	1058	1059	1072	1661	1704	2271	2617	
The 129th bicluster:
	row_pattern:	15	16	71	205	365	568	
	col_pattern:	780	1058	199	221	284	304	366	404	494	500	579	615	662	663	687	756	1059	1096	1382	1401	1661	1704	2265	
The 130th bicluster:
	row_pattern:	15	16	71	205	364	365	568	
	col_pattern:	701	1059	206	445	579	615	662	663	687	756	780	898	1058	1315	1317	1522	1661	1704	2271	2577	3622	3637	5450	
The 131th bicluster:
	row_pattern:	15	16	71	365	568	
	col_pattern:	663	1704	271	284	304	366	404	494	579	580	615	662	687	756	780	781	1058	1059	1096	1382	1661	2265	2271	
The 132th bicluster:
	row_pattern:	208	352	353	355	356	
	col_pattern:	644	1277	18	397	493	596	606	610	633	634	641	680	709	898	1287	1350	1891	1943	2144	2488	2568	3136	7241	
The 133th bicluster:
	row_pattern:	15	16	71	205	364	365	568	
	col_pattern:	615	701	445	579	662	663	687	756	780	898	1058	1059	1315	1317	1522	1557	1661	1704	2271	2577	3324	3622	5450	
The 134th bicluster:
	row_pattern:	208	352	353	355	356	
	col_pattern:	610	1277	18	397	493	505	606	633	634	641	644	680	709	898	1287	1350	1891	1943	2144	2488	2568	3136	7241	
The 135th bicluster:
	row_pattern:	15	16	71	205	364	365	568	
	col_pattern:	579	1292	445	615	662	663	687	701	756	780	895	1058	1059	1315	1317	1522	1557	1661	1704	2271	2577	3324	5450	
The 136th bicluster:
	row_pattern:	15	16	71	205	365	568	
	col_pattern:	575	3079	199	221	284	304	366	404	494	500	615	662	663	687	756	780	1058	1059	1072	1382	1661	1704	2265	
The 137th bicluster:
	row_pattern:	15	16	71	205	365	568	
	col_pattern:	575	1058	199	221	284	304	366	404	494	500	615	662	663	687	756	780	1059	1096	1382	1401	1661	1704	2265	
The 138th bicluster:
	row_pattern:	16	71	364	568	
	col_pattern:	542	1315	579	615	662	663	687	701	756	780	895	898	1059	1096	1135	1317	1522	1661	1704	2271	3622	3637	5450	
The 139th bicluster:
	row_pattern:	15	16	71	205	365	568	
	col_pattern:	494	756	199	221	284	304	366	404	579	580	615	662	663	687	780	1058	1059	1096	1382	1401	1661	1704	2265	
The 140th bicluster:
	row_pattern:	208	352	353	355	356	
	col_pattern:	493	644	18	397	606	610	633	634	641	680	709	898	1277	1287	1350	1373	1891	1943	2144	2488	2568	3136	7241	
The 141th bicluster:
	row_pattern:	208	352	353	355	356	
	col_pattern:	493	634	32	302	397	606	610	633	641	644	680	709	898	1277	1287	1350	1891	1943	2143	2488	2568	3136	7241	
The 142th bicluster:
	row_pattern:	15	16	71	205	365	568	
	col_pattern:	304	575	199	221	284	366	404	494	615	616	687	707	756	780	1058	1059	1272	1274	1382	1661	1704	1796	3079	
The 143th bicluster:
	row_pattern:	15	16	71	205	365	568	
	col_pattern:	199	4323	284	304	366	404	406	494	615	662	663	687	756	780	1058	1059	1072	1382	1401	1661	1704	2271	2617	
The 144th bicluster:
	row_pattern:	15	16	71	205	365	568	
	col_pattern:	199	1382	284	304	366	404	406	494	575	615	662	663	687	756	780	781	1058	1059	1096	1661	1704	2271	2617	
The 145th bicluster:
	row_pattern:	15	16	71	205	365	568	
	col_pattern:	199	494	284	304	366	404	406	615	662	663	687	756	780	1018	1058	1059	1096	1382	1401	1661	1704	2271	2377	
The 146th bicluster:
	row_pattern:	15	16	71	205	365	568	
	col_pattern:	3079	3257	199	221	284	304	366	404	494	500	575	615	707	756	780	1058	1059	1072	1272	1382	4323	4533	
The 147th bicluster:
	row_pattern:	15	16	71	205	364	365	568	
	col_pattern:	1059	1661	304	366	404	494	579	615	662	663	687	756	780	1018	1058	1315	1317	1382	1557	1704	2271	5450	
The 148th bicluster:
	row_pattern:	208	352	353	355	356	
	col_pattern:	606	2568	18	397	493	596	610	633	634	641	644	680	709	898	1277	1287	1350	1891	1943	2143	2488	7241	
The 149th bicluster:
	row_pattern:	15	16	71	205	365	568	
	col_pattern:	494	3257	199	221	284	304	366	404	615	616	756	780	1058	1059	1272	1382	1387	1661	1704	1796	3079	4323	
The 150th bicluster:
	row_pattern:	15	16	71	205	365	568	
	col_pattern:	494	1382	199	221	284	304	366	404	615	616	687	707	756	780	1058	1059	1272	1274	1661	1704	3079	5455	
The 151th bicluster:
	row_pattern:	208	352	353	355	356	
	col_pattern:	493	2568	18	397	606	610	633	634	641	644	680	681	709	1277	1287	1350	1891	1943	2144	2156	2488	7241	
The 152th bicluster:
	row_pattern:	208	352	353	355	356	
	col_pattern:	493	1943	18	397	606	610	633	634	641	644	680	681	709	1277	1287	1350	1891	2144	2488	2568	3136	7241	
The 153th bicluster:
	row_pattern:	15	16	71	365	568	
	col_pattern:	404	662	159	199	284	304	366	494	615	616	663	687	756	780	1058	1059	1072	1382	1661	1704	2265	2377	
The 154th bicluster:
	row_pattern:	15	16	71	205	365	568	
	col_pattern:	304	1059	199	221	284	366	404	494	615	616	687	756	780	1058	1096	1272	1382	1401	1661	1704	1796	3079	
The 155th bicluster:
	row_pattern:	15	205	364	365	
	col_pattern:	206	1315	445	578	579	615	662	687	701	737	756	780	1058	1059	1287	1317	1522	1661	1704	2271	2577	5450	
The 156th bicluster:
	row_pattern:	15	16	71	205	365	568	
	col_pattern:	1382	1661	199	221	284	304	366	404	494	500	615	662	663	687	756	780	1058	1059	1072	1704	2271	
The 157th bicluster:
	row_pattern:	208	352	353	355	356	
	col_pattern:	1277	2568	18	397	493	596	606	610	633	634	641	644	680	709	898	904	1891	1943	2144	2488	7241	
The 158th bicluster:
	row_pattern:	208	352	353	355	356	
	col_pattern:	1277	1943	18	397	493	559	606	610	633	634	641	644	680	709	898	904	1891	2488	2568	2704	7241	
The 159th bicluster:
	row_pattern:	15	16	71	205	365	568	
	col_pattern:	1272	1382	199	221	284	304	366	404	494	500	615	662	663	687	756	780	1058	1059	1072	1661	1704	
The 160th bicluster:
	row_pattern:	15	16	71	205	365	568	
	col_pattern:	1058	1382	199	221	284	304	366	404	494	500	615	662	663	687	756	780	1059	1096	1401	1661	1704	
The 161th bicluster:
	row_pattern:	15	16	71	205	364	365	568	
	col_pattern:	780	1661	199	284	304	366	404	494	579	615	662	663	687	756	1018	1058	1059	1382	1704	2265	2271	
The 162th bicluster:
	row_pattern:	10	11	193	354	408	453	457	
	col_pattern:	635	3418	410	517	591	600	602	603	620	639	651	830	1022	1024	1203	1289	2547	5060	5532	5678	7835	
The 163th bicluster:
	row_pattern:	10	11	193	354	408	453	457	
	col_pattern:	635	651	410	517	591	600	602	603	620	639	830	1022	1203	1205	1289	2547	3418	5060	5532	5678	7835	
The 164th bicluster:
	row_pattern:	10	11	193	354	
	col_pattern:	602	2306	591	600	614	620	635	639	651	830	1022	1024	1203	1289	2272	2547	2612	3418	5060	5532	7835	
The 165th bicluster:
	row_pattern:	10	11	193	354	408	453	457	
	col_pattern:	600	602	410	517	591	614	620	635	639	651	830	1022	1024	1203	1289	2547	3418	5060	5532	5678	7835	
The 166th bicluster:
	row_pattern:	10	11	82	83	84	193	354	408	453	457	
	col_pattern:	591	651	410	517	600	602	620	635	639	830	1022	1024	1203	1289	2272	2547	3418	3646	5060	5532	7835	
The 167th bicluster:
	row_pattern:	15	16	71	205	365	568	
	col_pattern:	575	1382	199	221	284	304	366	404	494	500	615	662	663	687	756	780	1058	1059	1072	1661	1704	
The 168th bicluster:
	row_pattern:	16	71	364	568	
	col_pattern:	542	1059	579	615	662	663	687	701	756	780	895	898	1315	1317	1522	1661	1704	2271	3622	3637	5450	
The 169th bicluster:
	row_pattern:	15	16	71	205	365	568	
	col_pattern:	404	494	199	221	284	304	366	615	662	663	687	756	758	780	1058	1059	1096	1382	1401	1661	1704	
The 170th bicluster:
	row_pattern:	16	71	205	568	
	col_pattern:	374	1661	578	615	737	756	757	780	898	1018	1058	1059	1096	1135	1315	1317	1522	1704	2271	2273	2577	
The 171th bicluster:
	row_pattern:	15	16	71	205	365	568	
	col_pattern:	304	579	199	221	284	366	404	494	615	616	687	756	780	1058	1059	1096	1382	1401	1661	1704	2265	
The 172th bicluster:
	row_pattern:	15	205	364	365	
	col_pattern:	206	701	445	579	615	662	663	756	780	1058	1059	1315	1317	1329	1522	1661	1704	2271	2577	3324	5450	
The 173th bicluster:
	row_pattern:	15	16	71	205	365	568	
	col_pattern:	199	1272	284	304	366	404	409	494	615	662	663	687	756	780	1058	1059	1072	1382	1401	1661	1704	
The 174th bicluster:
	row_pattern:	15	16	71	205	365	568	
	col_pattern:	199	1059	284	304	366	404	406	494	575	615	662	663	687	756	780	781	1058	1382	1401	1661	1704	
The 175th bicluster:
	row_pattern:	15	16	71	205	365	568	
	col_pattern:	199	404	284	304	366	494	500	615	662	663	687	756	780	1058	1059	1072	1382	1661	1704	2265	2271	
The 176th bicluster:
	row_pattern:	82	83	84	193	
	col_pattern:	72	1289	410	517	591	600	602	620	639	651	830	1022	1203	1328	2134	2547	2548	3418	5060	5532	12985	
The 177th bicluster:
	row_pattern:	14	221	504	505	506	507	508	
	col_pattern:	4637	6817	91	150	387	918	919	1170	1195	1546	1825	1864	1959	1962	2173	2286	2315	2327	6417	6456	
The 178th bicluster:
	row_pattern:	14	221	504	505	506	507	508	
	col_pattern:	4637	6417	91	150	387	918	919	1170	1195	1546	1825	1864	1959	1962	2173	2286	2315	2327	6817	7297	
The 179th bicluster:
	row_pattern:	82	83	84	193	
	col_pattern:	2134	2547	72	410	443	517	591	602	620	635	651	1022	1203	1289	1328	3418	3646	5060	5532	12985	
The 180th bicluster:
	row_pattern:	14	221	504	505	506	507	508	
	col_pattern:	1864	2327	91	150	387	918	919	1170	1179	1195	1546	1654	1825	1831	2173	2286	2315	6417	6817	7297	
The 181th bicluster:
	row_pattern:	14	221	504	505	506	507	508	
	col_pattern:	1546	1864	91	150	387	918	919	1170	1179	1195	1654	1825	2173	2177	2286	2315	2327	6417	6817	7297	
The 182th bicluster:
	row_pattern:	10	11	82	83	84	193	354	408	453	457	
	col_pattern:	1289	3418	410	517	591	600	602	614	620	635	651	830	1022	1203	1328	2272	2547	5060	5532	7835	
The 183th bicluster:
	row_pattern:	14	221	504	505	506	507	508	
	col_pattern:	1195	2315	91	150	387	834	858	879	918	1170	1825	1864	1959	1962	2286	2327	4637	6417	6817	7297	
The 184th bicluster:
	row_pattern:	15	16	71	205	365	440	568	
	col_pattern:	1058	1059	199	284	304	366	404	494	579	615	662	663	687	756	780	1382	1661	1704	2271	5450	
The 185th bicluster:
	row_pattern:	208	352	353	355	356	
	col_pattern:	688	770	302	493	606	610	627	628	634	641	644	662	709	918	1287	1350	1891	1943	2144	7241	
The 186th bicluster:
	row_pattern:	10	11	82	193	354	408	453	457	
	col_pattern:	639	3418	410	517	591	600	602	603	620	635	651	830	1022	1203	1205	1289	2547	5060	5532	7835	
The 187th bicluster:
	row_pattern:	10	11	82	193	354	408	453	457	
	col_pattern:	639	651	410	517	591	600	602	603	620	635	830	1022	1203	1289	1296	2547	3418	5060	5532	7835	
The 188th bicluster:
	row_pattern:	10	11	82	83	84	193	354	408	453	457	
	col_pattern:	620	2547	410	517	591	600	602	614	651	830	1022	1203	1289	1328	2272	3418	5060	5532	7835	12985	
The 189th bicluster:
	row_pattern:	10	11	82	83	84	193	354	408	453	457	
	col_pattern:	602	3418	410	517	591	600	620	635	639	651	830	836	1022	1203	1289	2134	2547	5060	5532	7835	
The 190th bicluster:
	row_pattern:	10	11	82	83	84	193	354	408	453	457	
	col_pattern:	602	1289	410	517	591	600	620	635	639	651	830	836	1022	1203	2272	2547	3418	5060	5076	5532	
The 191th bicluster:
	row_pattern:	10	11	82	193	354	408	453	457	
	col_pattern:	602	639	410	517	591	600	614	620	635	651	830	1022	1203	1289	1296	2547	3418	5060	5532	7835	
The 192th bicluster:
	row_pattern:	82	83	84	193	
	col_pattern:	591	2134	72	410	443	517	602	620	639	651	1022	1203	1289	1328	2547	2612	3418	5060	5532	12985	
The 193th bicluster:
	row_pattern:	15	16	71	205	364	365	568	
	col_pattern:	575	1059	199	279	284	304	366	404	494	615	662	663	687	756	780	1058	1382	1661	1704	2265	
The 194th bicluster:
	row_pattern:	82	83	84	193	
	col_pattern:	410	2134	72	517	591	600	602	620	639	651	830	1022	1203	1289	1296	2547	3418	5060	5532	12985	
The 195th bicluster:
	row_pattern:	15	16	71	205	364	365	568	
	col_pattern:	366	1272	199	284	304	404	494	615	662	663	687	756	780	1058	1059	1096	1382	1661	1704	2265	
The 196th bicluster:
	row_pattern:	15	16	71	364	365	568	
	col_pattern:	366	707	199	284	304	404	494	615	662	663	687	756	780	1058	1059	1096	1382	1661	1704	2265	
The 197th bicluster:
	row_pattern:	14	221	504	505	506	507	508	
	col_pattern:	150	2327	91	387	918	1170	1179	1180	1195	1546	1654	1825	1864	1867	2173	2286	2315	6417	6817	7297	
The 198th bicluster:
	row_pattern:	14	221	504	505	506	507	508	
	col_pattern:	150	2088	91	387	918	1170	1179	1180	1195	1546	1825	1864	2173	2177	2286	2315	2327	6417	6817	7297	
The 199th bicluster:
	row_pattern:	14	221	504	505	506	507	508	
	col_pattern:	150	1864	91	387	918	1170	1179	1180	1195	1546	1654	1825	2173	2177	2286	2315	2327	6417	6817	7297	
The 200th bicluster:
	row_pattern:	14	221	504	505	506	507	508	
	col_pattern:	150	1195	91	387	834	879	885	918	1170	1825	1864	1959	2286	2291	2315	4153	4637	6417	6817	7297	
The 201th bicluster:
	row_pattern:	82	83	84	193	
	col_pattern:	72	591	410	517	600	602	620	651	830	1022	1203	1205	1289	1328	2134	2547	3418	5060	5532	5678	
The 202th bicluster:
	row_pattern:	10	11	82	83	84	122	193	354	408	453	457	
	col_pattern:	2547	3418	410	517	591	600	602	620	635	639	651	830	1022	1203	1289	2272	5060	5532	7835	
The 203th bicluster:
	row_pattern:	10	11	82	83	84	193	354	408	453	457	
	col_pattern:	1203	2547	517	591	600	602	620	635	639	651	830	836	1022	1289	2272	3418	5060	5532	5678	
The 204th bicluster:
	row_pattern:	10	11	82	83	84	193	354	408	453	457	
	col_pattern:	830	2547	517	591	600	602	620	635	639	651	1022	1024	1203	1289	2272	3418	5060	5532	5678	
The 205th bicluster:
	row_pattern:	10	11	82	83	84	193	354	408	453	457	
	col_pattern:	651	1289	410	517	591	600	602	614	620	635	830	1022	1203	2134	2547	3418	5060	5532	7835	
The 206th bicluster:
	row_pattern:	10	11	82	83	84	193	354	408	453	457	
	col_pattern:	602	1022	517	591	600	620	635	639	651	830	1203	1205	1289	2272	2547	3418	5060	5532	5678	
The 207th bicluster:
	row_pattern:	10	11	82	83	84	193	354	408	453	457	
	col_pattern:	5060	5532	410	517	591	600	602	614	620	635	651	830	1022	1289	1328	2547	3418	7835	
The 208th bicluster:
	row_pattern:	14	221	504	505	506	507	508	
	col_pattern:	2315	2327	91	150	387	918	919	1170	1195	1546	1654	1825	1864	1867	2173	2286	6417	6817	
The 209th bicluster:
	row_pattern:	10	11	82	83	84	193	354	408	453	457	
	col_pattern:	2272	3418	591	600	602	620	635	639	651	830	1022	1025	1203	1289	2547	5060	5532	7835	
The 210th bicluster:
	row_pattern:	14	221	504	505	506	507	508	
	col_pattern:	2173	2315	91	150	387	918	919	1170	1179	1195	1546	1825	1864	1867	2286	2327	6417	6817	
The 211th bicluster:
	row_pattern:	14	221	504	505	506	507	508	
	col_pattern:	1864	2315	91	150	387	918	919	1170	1179	1195	1546	1825	2173	2177	2286	2327	6417	6817	
The 212th bicluster:
	row_pattern:	14	221	504	505	506	507	508	
	col_pattern:	1864	2286	91	150	387	918	919	1170	1195	1546	1654	1825	2173	2177	2315	2327	6417	6817	
The 213th bicluster:
	row_pattern:	14	221	504	505	506	507	508	
	col_pattern:	1825	2286	91	150	387	918	919	1170	1195	1546	1864	1959	2173	2177	2315	2327	6417	6817	
The 214th bicluster:
	row_pattern:	14	221	504	505	506	507	508	
	col_pattern:	1825	1864	91	150	387	918	919	1170	1195	1546	1654	2173	2286	2293	2315	2327	6417	6817	
The 215th bicluster:
	row_pattern:	14	20	221	504	505	506	507	508	
	col_pattern:	1546	2327	91	150	387	918	1170	1179	1195	1221	1654	1825	1864	2173	2286	2315	6417	6817	
The 216th bicluster:
	row_pattern:	82	83	84	193	
	col_pattern:	1350	2134	72	212	410	517	591	639	651	1287	1289	1328	2547	2612	3418	5060	5532	12985	
The 217th bicluster:
	row_pattern:	14	20	221	504	505	506	507	508	
	col_pattern:	1195	1825	91	150	387	834	879	918	919	1170	1864	1959	2286	2315	2327	4637	6417	6817	
The 218th bicluster:
	row_pattern:	14	221	504	505	506	507	508	
	col_pattern:	1170	1825	91	150	387	918	919	1195	1546	1864	1959	2173	2286	2315	2327	2347	6417	6817	
The 219th bicluster:
	row_pattern:	10	11	82	83	84	193	354	408	453	457	
	col_pattern:	1022	2272	591	600	602	620	635	639	651	830	1203	1205	1289	2547	3418	5060	5532	7835	
The 220th bicluster:
	row_pattern:	10	11	82	83	84	193	354	408	453	457	
	col_pattern:	830	1022	591	600	602	620	635	639	651	1203	1289	1296	2272	2547	3418	5060	5532	7835	
The 221th bicluster:
	row_pattern:	15	16	71	205	291	364	365	568	
	col_pattern:	780	1317	445	579	615	662	663	687	701	737	756	1058	1059	1315	1522	1661	2271	5450	
The 222th bicluster:
	row_pattern:	15	16	71	365	568	
	col_pattern:	707	3079	159	199	284	304	366	404	494	500	575	1272	1382	1401	3257	4323	5164	5455	
The 223th bicluster:
	row_pattern:	15	16	71	365	568	
	col_pattern:	707	2618	159	199	284	304	366	404	494	500	1272	1382	1796	3079	3257	4323	4533	5164	
The 224th bicluster:
	row_pattern:	10	11	82	83	84	193	354	408	453	457	614	
	col_pattern:	620	651	517	591	600	602	635	639	830	1022	1203	1289	2272	2547	3418	5060	5532	7835	
The 225th bicluster:
	row_pattern:	15	16	71	205	291	364	365	568	
	col_pattern:	615	1317	445	579	662	663	701	756	780	1058	1059	1315	1522	1661	1704	2271	2577	5450	
The 226th bicluster:
	row_pattern:	14	20	221	504	505	506	507	508	
	col_pattern:	387	2327	91	150	918	1170	1179	1195	1546	1549	1654	1825	1864	2173	2286	2315	6417	6817	
The 227th bicluster:
	row_pattern:	14	221	504	505	506	507	508	
	col_pattern:	387	2315	91	150	918	1170	1179	1180	1195	1546	1825	1864	2173	2177	2286	2327	6417	6817	
The 228th bicluster:
	row_pattern:	14	20	221	504	505	506	507	508	
	col_pattern:	387	1553	91	150	918	1170	1179	1195	1546	1549	1825	1864	2173	2286	2315	2327	6417	6817	
The 229th bicluster:
	row_pattern:	14	20	221	504	505	506	507	508	
	col_pattern:	387	1546	91	150	918	1170	1179	1195	1654	1670	1825	1864	2173	2286	2315	2327	6417	6817	
The 230th bicluster:
	row_pattern:	14	20	221	504	505	506	507	508	
	col_pattern:	387	1195	91	150	834	879	918	1170	1326	1825	1864	1959	2286	2315	2327	4637	6417	6817	
The 231th bicluster:
	row_pattern:	14	221	504	505	506	507	508	
	col_pattern:	387	1170	91	150	918	1179	1180	1195	1546	1825	1864	2173	2286	2293	2315	2327	6417	6817	
The 232th bicluster:
	row_pattern:	15	205	364	365	
	col_pattern:	206	445	701	737	756	780	1058	1059	1287	1315	1317	1522	1557	1661	1704	2073	2271	2577	
The 233th bicluster:
	row_pattern:	14	221	504	505	506	507	508	
	col_pattern:	150	1654	91	387	918	1170	1180	1195	1546	1825	1864	2173	2286	2293	2315	2327	6417	6817	
The 234th bicluster:
	row_pattern:	14	221	504	505	506	507	508	
	col_pattern:	6417	6817	91	150	387	918	919	1170	1195	1546	1825	1864	2173	2177	2286	2315	2327	
The 235th bicluster:
	row_pattern:	10	11	354	408	453	457	
	col_pattern:	5532	7835	410	517	591	600	602	603	620	635	639	651	825	1289	2547	3418	5060	
The 236th bicluster:
	row_pattern:	14	20	221	504	505	506	507	508	
	col_pattern:	1825	2173	91	150	387	918	1170	1179	1195	1221	1546	1864	2286	2315	2327	6417	6817	
The 237th bicluster:
	row_pattern:	14	221	504	505	506	507	508	
	col_pattern:	1546	2315	91	150	387	918	919	1170	1195	1825	1864	2173	2286	2293	2327	6417	6817	
The 238th bicluster:
	row_pattern:	14	20	178	221	504	505	506	507	508	
	col_pattern:	1546	2173	91	150	387	918	1170	1179	1195	1654	1825	1864	2286	2315	2327	6417	6817	
The 239th bicluster:
	row_pattern:	15	16	71	205	365	568	
	col_pattern:	1522	1867	701	1135	1292	1315	1317	1557	1661	1704	2073	2271	2627	2628	3622	3637	9374	
The 240th bicluster:
	row_pattern:	15	16	71	205	365	568	
	col_pattern:	1522	1864	701	1135	1292	1315	1317	1557	1661	1704	2073	2271	2627	2628	3622	3637	9374	
The 241th bicluster:
	row_pattern:	14	221	455	468	504	505	506	507	508	
	col_pattern:	1179	1553	91	150	387	918	1170	1195	1546	1825	1864	2173	2286	2315	2327	6417	6817	
The 242th bicluster:
	row_pattern:	10	11	193	354	
	col_pattern:	1022	2306	602	620	639	651	658	830	1203	1289	2272	2547	2612	3418	5060	5532	7835	
The 243th bicluster:
	row_pattern:	14	20	221	504	505	506	507	508	
	col_pattern:	918	1825	91	150	387	834	879	1170	1195	1200	1864	1959	2286	2315	2327	6417	6817	
The 244th bicluster:
	row_pattern:	15	16	71	365	568	
	col_pattern:	707	4323	159	199	284	304	366	404	494	500	1272	1382	1796	3079	3257	4533	5164	
The 245th bicluster:
	row_pattern:	15	16	71	205	259	364	365	568	
	col_pattern:	701	1317	445	578	579	615	662	756	780	1058	1059	1315	1522	1661	1704	2271	5450	
The 246th bicluster:
	row_pattern:	15	16	71	205	216	364	365	568	
	col_pattern:	701	1292	445	579	615	662	687	756	780	1058	1059	1315	1317	1661	1704	2271	5450	
The 247th bicluster:
	row_pattern:	10	11	193	354	
	col_pattern:	620	2306	602	639	651	830	836	1022	1203	1289	2272	2547	2612	3418	5060	5532	7835	
The 248th bicluster:
	row_pattern:	10	11	82	83	84	193	354	408	453	457	614	
	col_pattern:	602	620	517	591	600	639	651	830	1022	1203	1289	2272	2547	3418	5060	5532	6157	
The 249th bicluster:
	row_pattern:	15	16	71	365	568	
	col_pattern:	494	707	159	199	284	304	366	404	1092	1272	1382	1401	3079	3257	4323	4533	5164	
The 250th bicluster:
	row_pattern:	14	221	504	505	506	507	508	614	
	col_pattern:	150	387	91	918	1170	1179	1195	1546	1654	1825	1864	2173	2286	2315	2327	6417	6817	
The 251th bicluster:
	row_pattern:	14	221	455	468	504	505	506	507	508	
	col_pattern:	91	1195	150	387	834	879	918	1170	1825	1864	1959	2173	2286	2315	2327	6417	6817	
The 252th bicluster:
	row_pattern:	14	221	455	468	504	505	506	507	508	
	col_pattern:	91	1179	150	387	918	1170	1195	1546	1654	1825	1864	2173	2286	2315	2327	6417	6817	
The 253th bicluster:
	row_pattern:	14	20	221	504	505	506	507	508	
	col_pattern:	2173	2515	91	150	387	1170	1179	1546	1654	1670	1864	2315	2327	4899	6417	6817	
The 254th bicluster:
	row_pattern:	15	205	364	365	
	col_pattern:	1220	2073	206	578	701	737	1315	1317	1522	1557	1661	1704	2271	2627	4560	6504	
The 255th bicluster:
	row_pattern:	14	221	504	505	506	507	508	
	col_pattern:	1195	2286	43	387	579	688	693	834	879	918	929	1170	1959	1962	4153	4637	
The 256th bicluster:
	row_pattern:	14	221	455	468	504	505	506	507	508	
	col_pattern:	1170	1654	91	150	387	918	1195	1546	1825	1864	2173	2286	2315	2327	6417	6817	
The 257th bicluster:
	row_pattern:	14	221	455	468	504	505	506	507	508	
	col_pattern:	1170	1195	43	150	387	579	688	834	879	918	929	1959	2286	4153	4637	4660	
The 258th bicluster:
	row_pattern:	14	221	504	505	506	507	508	
	col_pattern:	918	1170	43	387	579	688	693	834	879	929	1195	1959	2286	2291	4153	4637	
The 259th bicluster:
	row_pattern:	14	221	504	505	506	507	508	
	col_pattern:	834	1959	43	94	199	579	580	688	781	879	918	929	1195	1204	2053	4153	
The 260th bicluster:
	row_pattern:	15	16	71	364	365	568	
	col_pattern:	575	707	199	279	284	304	366	404	494	1272	1382	3079	3257	4323	5164	5455	
The 261th bicluster:
	row_pattern:	15	16	71	205	365	568	
	col_pattern:	199	3257	284	304	366	404	409	494	707	1272	1382	1401	3079	4323	4533	5164	
The 262th bicluster:
	row_pattern:	14	221	504	505	506	507	508	
	col_pattern:	199	1959	43	94	579	688	698	781	834	879	918	929	1195	1204	2053	4153	
The 263th bicluster:
	row_pattern:	15	16	71	205	365	568	
	col_pattern:	3257	4323	199	221	284	304	366	404	494	500	1272	1382	3079	4533	5164	
The 264th bicluster:
	row_pattern:	256	389	449	451	461	
	col_pattern:	2790	3125	8	61	109	899	966	1177	1491	1927	2271	2273	2573	4977	5662	
The 265th bicluster:
	row_pattern:	256	389	449	451	461	
	col_pattern:	2573	3854	8	61	109	899	966	1177	1491	1927	2271	2273	3125	4977	5662	
The 266th bicluster:
	row_pattern:	256	389	449	451	461	
	col_pattern:	2271	3854	8	61	109	899	966	1177	1491	1927	2573	2587	3125	4977	5662	
The 267th bicluster:
	row_pattern:	256	389	449	451	461	
	col_pattern:	2271	3125	8	61	109	899	966	1177	1491	1927	2573	2587	2790	4977	5662	
The 268th bicluster:
	row_pattern:	15	205	364	365	
	col_pattern:	2073	2628	578	701	737	1315	1317	1522	1557	1661	1704	2271	2627	3071	6504	
The 269th bicluster:
	row_pattern:	14	221	504	505	506	507	508	
	col_pattern:	1959	4153	43	199	579	688	693	781	834	879	918	929	1195	1200	2053	
The 270th bicluster:
	row_pattern:	14	221	504	505	506	507	508	
	col_pattern:	1959	2053	43	199	579	688	698	781	834	879	918	929	1195	1200	4153	
The 271th bicluster:
	row_pattern:	256	389	449	451	461	
	col_pattern:	1927	3510	8	61	109	966	975	1177	1491	2271	2573	2656	3125	4977	5662	
The 272th bicluster:
	row_pattern:	249	396	397	462	482	491	542	
	col_pattern:	1886	2796	546	1310	1383	1408	1412	1629	1673	1728	1781	2800	3184	3186	3212	
The 273th bicluster:
	row_pattern:	249	396	397	462	482	491	542	
	col_pattern:	1629	3212	546	1310	1383	1408	1412	1673	1728	1781	1886	2796	2800	2823	3184	
The 274th bicluster:
	row_pattern:	249	396	397	462	482	491	542	
	col_pattern:	1408	1886	546	1310	1383	1629	1642	1673	1728	1781	2796	2800	3184	3186	3212	
The 275th bicluster:
	row_pattern:	249	396	397	462	482	491	542	
	col_pattern:	1408	1629	546	1310	1383	1673	1685	1728	1781	1886	2796	2800	3184	3186	3212	
The 276th bicluster:
	row_pattern:	291	353	355	356	
	col_pattern:	1238	2568	18	302	360	455	493	904	921	1277	1448	1476	1550	1584	1891	
The 277th bicluster:
	row_pattern:	256	389	449	451	461	
	col_pattern:	1227	2573	8	61	109	899	966	1177	1491	1927	2271	2273	3125	4977	5662	
The 278th bicluster:
	row_pattern:	256	389	449	451	461	
	col_pattern:	1218	2573	8	45	61	422	425	429	934	1177	2271	2656	3125	4977	5662	
The 279th bicluster:
	row_pattern:	256	389	449	451	461	
	col_pattern:	1218	2271	8	45	61	422	427	429	934	1177	2573	2656	3125	4977	5662	
The 280th bicluster:
	row_pattern:	10	11	82	83	84	193	354	408	453	457	
	col_pattern:	1203	2272	602	620	639	651	830	836	1022	1289	2547	3418	5060	5532	5678	
The 281th bicluster:
	row_pattern:	256	389	449	451	461	
	col_pattern:	1177	1218	8	61	109	899	966	1491	1927	2271	2573	2587	3125	4977	5662	
The 282th bicluster:
	row_pattern:	256	389	449	451	461	
	col_pattern:	934	1491	8	61	109	899	966	1177	1927	2271	2573	2587	3125	4977	5662	
The 283th bicluster:
	row_pattern:	14	20	221	455	468	504	505	506	507	508	
	col_pattern:	929	4153	43	94	199	579	688	709	781	834	879	918	1195	1959	2053	
The 284th bicluster:
	row_pattern:	14	20	221	455	468	504	505	506	507	508	
	col_pattern:	929	3882	43	94	199	579	688	709	781	834	879	1195	1959	2053	4153	
The 285th bicluster:
	row_pattern:	14	178	221	504	505	506	507	508	
	col_pattern:	929	1959	43	94	199	579	688	781	834	879	918	1195	2053	4153	5692	
The 286th bicluster:
	row_pattern:	14	221	504	505	506	507	508	
	col_pattern:	918	2286	43	387	579	688	693	834	879	929	1195	1959	4153	4176	4637	
The 287th bicluster:
	row_pattern:	14	20	221	504	505	506	507	508	
	col_pattern:	918	1195	43	387	579	688	834	879	884	929	1959	2053	4153	4637	5692	
The 288th bicluster:
	row_pattern:	14	221	504	505	506	507	508	
	col_pattern:	879	1959	43	199	579	688	693	781	834	918	929	1195	2053	2063	4153	
The 289th bicluster:
	row_pattern:	14	20	221	504	505	506	507	508	
	col_pattern:	834	4153	43	199	579	688	781	879	906	918	929	1195	1959	2053	3499	
The 290th bicluster:
	row_pattern:	14	20	221	504	505	506	507	508	
	col_pattern:	834	2053	43	199	579	688	781	879	906	918	929	1195	1959	4153	4378	
The 291th bicluster:
	row_pattern:	14	221	504	505	506	507	508	
	col_pattern:	781	834	43	94	199	579	580	688	879	929	1195	1959	2053	2063	4153	
The 292th bicluster:
	row_pattern:	20	208	352	353	355	356	
	col_pattern:	709	2568	397	493	606	610	633	634	644	688	1277	1891	1943	2488	7241	
The 293th bicluster:
	row_pattern:	14	221	352	504	505	506	507	508	
	col_pattern:	688	1959	43	94	199	579	781	834	879	918	929	1195	2053	4153	7241	
The 294th bicluster:
	row_pattern:	14	20	221	504	505	506	507	508	
	col_pattern:	688	834	43	94	199	579	781	879	918	919	929	1195	1959	2053	4153	
The 295th bicluster:
	row_pattern:	14	221	504	505	506	507	508	
	col_pattern:	579	1959	43	199	688	781	783	834	879	918	929	1195	2053	2063	4153	
The 296th bicluster:
	row_pattern:	291	353	355	356	
	col_pattern:	455	2568	18	302	360	904	921	1238	1277	1373	1448	1476	1550	1584	1891	
The 297th bicluster:
	row_pattern:	256	389	449	451	461	
	col_pattern:	422	2573	8	45	61	429	431	934	1177	1218	2271	2656	3125	4977	5662	
The 298th bicluster:
	row_pattern:	256	389	449	451	461	
	col_pattern:	109	2790	8	61	966	1177	1180	1491	1927	2271	2573	2656	3125	4977	5662	
The 299th bicluster:
	row_pattern:	256	389	449	451	461	
	col_pattern:	109	1177	8	61	966	1391	1491	1927	2271	2573	2656	2790	3125	4977	5662	
The 300th bicluster:
	row_pattern:	14	221	455	468	504	505	506	507	508	
	col_pattern:	94	929	43	199	579	688	698	781	834	879	918	1195	1959	2053	4153	
The 301th bicluster:
	row_pattern:	14	221	504	505	506	507	508	
	col_pattern:	43	834	94	199	579	688	698	781	879	918	929	1195	1959	1972	4153	
The 302th bicluster:
	row_pattern:	256	389	449	451	461	
	col_pattern:	8	3854	61	109	966	1177	1180	1491	1927	2271	2573	2656	3125	4977	5662	
The 303th bicluster:
	row_pattern:	256	389	449	451	461	
	col_pattern:	8	429	45	61	422	934	939	1177	1218	2271	2573	2656	3125	4977	5662	
The 304th bicluster:
	row_pattern:	256	389	449	451	461	
	col_pattern:	4977	5662	8	61	109	899	966	1177	1491	1927	2271	2273	2573	3125	
The 305th bicluster:
	row_pattern:	256	389	449	451	461	
	col_pattern:	2271	2573	8	61	109	899	966	1177	1491	1927	2656	3125	4977	5662	
The 306th bicluster:
	row_pattern:	10	11	193	354	
	col_pattern:	2035	2306	602	620	651	830	857	1022	1203	2095	2272	2547	2612	3418	
The 307th bicluster:
	row_pattern:	10	11	82	83	84	193	354	408	453	457	
	col_pattern:	2035	2272	602	620	651	830	857	1022	1203	1289	2306	2547	3418	7835	
The 308th bicluster:
	row_pattern:	472	473	489	490	
	col_pattern:	1587	2143	935	980	1204	1350	1353	1564	4413	4558	9994	11662	11663	11698	
The 309th bicluster:
	row_pattern:	249	396	397	462	482	491	542	
	col_pattern:	1408	3212	546	1310	1383	1629	1642	1673	1728	1886	2796	2800	3184	3186	
The 310th bicluster:
	row_pattern:	249	396	397	462	482	491	542	
	col_pattern:	1408	2800	546	1310	1383	1673	1685	1728	1781	1886	2796	3184	3212	3236	
The 311th bicluster:
	row_pattern:	14	221	504	505	506	507	508	
	col_pattern:	1195	1959	43	579	688	781	783	834	879	918	929	2053	4153	4176	
The 312th bicluster:
	row_pattern:	472	473	489	490	
	col_pattern:	980	1564	935	1204	1350	1587	1604	2143	4413	4558	9994	11662	11663	11698	
The 313th bicluster:
	row_pattern:	256	389	449	451	461	
	col_pattern:	934	3854	8	61	966	1177	1180	1491	2271	2573	3125	3206	4977	5662	
The 314th bicluster:
	row_pattern:	256	389	449	451	461	
	col_pattern:	934	3125	8	45	61	422	425	429	1218	2271	2573	2656	4977	5662	
The 315th bicluster:
	row_pattern:	256	389	449	451	461	
	col_pattern:	934	2271	8	45	61	422	425	429	1218	2573	3125	3206	4977	5662	
The 316th bicluster:
	row_pattern:	14	20	221	455	468	504	505	506	507	508	
	col_pattern:	929	1195	43	94	199	579	688	709	781	834	879	918	2053	4153	
The 317th bicluster:
	row_pattern:	14	20	178	221	504	505	506	507	508	
	col_pattern:	918	929	43	94	199	579	688	781	834	879	1195	1959	2053	4153	
The 318th bicluster:
	row_pattern:	14	20	221	455	468	504	505	506	507	508	
	col_pattern:	879	929	43	94	199	579	688	709	781	834	1195	1959	2053	4153	
The 319th bicluster:
	row_pattern:	14	221	504	505	506	507	508	
	col_pattern:	834	2286	43	579	688	879	884	918	929	1195	1959	2053	4153	4176	
The 320th bicluster:
	row_pattern:	14	20	221	504	505	506	507	508	
	col_pattern:	834	929	43	94	199	579	688	781	879	880	918	1195	1959	4153	
The 321th bicluster:
	row_pattern:	14	20	221	504	505	506	507	508	
	col_pattern:	834	879	43	199	579	688	781	918	929	934	1195	1959	2053	4153	
The 322th bicluster:
	row_pattern:	14	221	455	468	504	505	506	507	508	
	col_pattern:	781	879	43	94	199	579	580	688	834	929	1195	1959	2053	4153	
The 323th bicluster:
	row_pattern:	15	16	71	205	365	568	
	col_pattern:	737	2073	495	578	1220	1315	1317	1522	1557	1661	1704	2271	2627	6504	
The 324th bicluster:
	row_pattern:	14	20	221	455	468	504	505	506	507	508	
	col_pattern:	688	929	43	94	199	579	781	834	879	906	1195	1959	2053	4153	
The 325th bicluster:
	row_pattern:	14	221	504	505	506	507	508	
	col_pattern:	579	918	43	688	781	834	836	879	929	1195	1959	2053	4153	4176	
The 326th bicluster:
	row_pattern:	14	221	455	468	504	505	506	507	508	
	col_pattern:	579	688	43	199	781	834	879	918	929	934	1195	1959	2053	4153	
The 327th bicluster:
	row_pattern:	16	71	205	568	
	col_pattern:	374	737	578	898	1018	1096	1135	1315	1317	1522	1661	1704	2271	2273	
The 328th bicluster:
	row_pattern:	14	20	221	455	468	504	505	506	507	508	
	col_pattern:	199	3882	43	94	688	781	834	879	929	934	1195	1959	2053	4153	
The 329th bicluster:
	row_pattern:	14	20	66	221	504	505	506	507	508	
	col_pattern:	199	834	43	94	579	688	781	879	918	929	1195	1959	2053	4153	
The 330th bicluster:
	row_pattern:	14	20	221	455	468	504	505	506	507	508	
	col_pattern:	199	688	43	94	579	781	834	879	918	929	1195	1204	2053	4153	
The 331th bicluster:
	row_pattern:	256	389	449	451	461	
	col_pattern:	109	3510	8	61	966	1177	1180	1927	2271	2573	3125	3206	4977	5662	
The 332th bicluster:
	row_pattern:	256	389	449	451	461	
	col_pattern:	109	3125	8	61	966	1177	1180	1491	1927	2271	2573	2656	4977	5662	
The 333th bicluster:
	row_pattern:	256	389	449	451	461	
	col_pattern:	109	2271	8	61	966	1177	1180	1491	1927	2573	3125	3206	4977	5662	
The 334th bicluster:
	row_pattern:	14	221	455	468	504	505	506	507	508	614	
	col_pattern:	43	579	94	199	688	781	834	879	918	929	1195	1959	2053	4153	
The 335th bicluster:
	row_pattern:	10	11	82	83	84	193	354	408	453	457	
	col_pattern:	2095	2272	602	620	651	830	857	1022	1203	1289	2306	2547	3418	
The 336th bicluster:
	row_pattern:	14	20	221	455	468	504	505	506	507	508	
	col_pattern:	1654	2327	91	150	387	918	1170	1195	1546	1825	1864	2173	2286	
The 337th bicluster:
	row_pattern:	15	205	364	365	
	col_pattern:	1292	2628	701	1522	1557	1661	1704	2073	2271	2577	2627	3071	9374	
The 338th bicluster:
	row_pattern:	14	20	221	504	505	506	507	508	
	col_pattern:	918	4153	43	579	688	781	834	879	906	929	1195	1959	2053	
The 339th bicluster:
	row_pattern:	14	20	221	455	468	504	505	506	507	508	
	col_pattern:	879	4153	43	199	579	688	781	834	918	929	1195	1200	2053	
The 340th bicluster:
	row_pattern:	14	20	221	455	468	504	505	506	507	508	
	col_pattern:	879	1195	43	579	688	781	834	918	929	1959	2053	3760	4153	
The 341th bicluster:
	row_pattern:	14	20	221	504	505	506	507	508	
	col_pattern:	879	998	43	579	688	834	918	929	934	1195	1959	2053	4153	
The 342th bicluster:
	row_pattern:	14	20	221	504	505	506	507	508	
	col_pattern:	879	918	43	579	688	781	834	929	1195	1200	1959	2053	4153	
The 343th bicluster:
	row_pattern:	14	20	221	504	505	506	507	508	
	col_pattern:	834	1195	43	579	688	781	879	918	929	934	1959	2053	4153	
The 344th bicluster:
	row_pattern:	14	20	221	504	505	506	507	508	
	col_pattern:	834	918	43	387	579	688	879	929	934	1195	1959	2053	4153	
The 345th bicluster:
	row_pattern:	14	221	455	468	504	505	506	507	508	
	col_pattern:	781	3882	43	94	199	579	580	688	834	879	929	1959	4153	
The 346th bicluster:
	row_pattern:	14	20	221	455	468	504	505	506	507	508	
	col_pattern:	688	1195	43	199	579	781	834	879	918	929	1241	2053	4153	
The 347th bicluster:
	row_pattern:	14	221	455	468	504	505	506	507	508	
	col_pattern:	579	4153	43	199	688	781	790	879	918	929	1195	1959	2053	
The 348th bicluster:
	row_pattern:	14	221	292	455	468	504	505	506	507	508	
	col_pattern:	579	2053	43	199	688	781	834	879	918	929	1195	1959	4153	
The 349th bicluster:
	row_pattern:	256	389	449	451	461	
	col_pattern:	429	934	8	45	422	1218	1221	2271	2573	3125	4977	5662	5934	
The 350th bicluster:
	row_pattern:	256	389	449	451	461	
	col_pattern:	422	3252	34	45	110	160	165	273	429	934	1218	5934	10546	
The 351th bicluster:
	row_pattern:	256	389	449	451	461	
	col_pattern:	160	3252	34	45	110	273	275	422	429	934	1218	5934	10546	
The 352th bicluster:
	row_pattern:	256	389	449	451	461	
	col_pattern:	160	429	34	45	110	422	425	934	1218	2573	3252	5934	10546	
The 353th bicluster:
	row_pattern:	256	389	449	451	461	
	col_pattern:	160	422	34	45	110	429	434	934	1218	2573	3252	5934	10546	
The 354th bicluster:
	row_pattern:	14	221	455	468	504	505	506	507	508	
	col_pattern:	94	781	43	199	579	688	698	879	929	1195	1959	2053	4153	
The 355th bicluster:
	row_pattern:	14	221	455	468	504	505	506	507	508	
	col_pattern:	94	199	43	579	688	781	783	879	929	1195	1959	2053	4153	
The 356th bicluster:
	row_pattern:	256	389	449	451	461	
	col_pattern:	3252	3566	34	45	110	160	165	273	422	429	10546	11794	
The 357th bicluster:
	row_pattern:	249	396	397	447	450	462	482	491	542	
	col_pattern:	2800	3212	546	1310	1383	1408	1673	1728	1781	1886	2796	3184	
The 358th bicluster:
	row_pattern:	249	396	397	462	482	491	542	
	col_pattern:	2796	3212	546	1310	1383	1408	1411	1673	1728	1886	2800	3184	
The 359th bicluster:
	row_pattern:	256	389	449	451	461	
	col_pattern:	2553	3125	429	934	1218	2271	2283	2573	3854	4977	5662	5934	
The 360th bicluster:
	row_pattern:	15	16	71	205	364	365	568	
	col_pattern:	2073	2074	578	737	1315	1317	1522	1557	1661	1704	2271	2627	
The 361th bicluster:
	row_pattern:	14	221	504	505	506	507	508	
	col_pattern:	1959	2286	43	579	688	834	849	879	918	929	1195	4153	
The 362th bicluster:
	row_pattern:	208	299	352	353	355	356	
	col_pattern:	1891	2568	397	493	606	610	633	634	644	709	2488	7241	
The 363th bicluster:
	row_pattern:	175	249	396	397	462	482	491	542	
	col_pattern:	1728	3212	546	1310	1383	1408	1673	1781	1886	2796	2800	3184	
The 364th bicluster:
	row_pattern:	249	396	397	462	482	491	542	
	col_pattern:	1629	1886	1383	1408	1673	1728	1732	1781	2796	2800	3184	3212	
The 365th bicluster:
	row_pattern:	249	396	397	462	482	491	542	
	col_pattern:	1629	1673	1383	1408	1728	1781	1782	1886	2796	2800	3184	3212	
The 366th bicluster:
	row_pattern:	256	389	449	451	461	
	col_pattern:	1491	3591	61	109	1927	2271	2273	2573	2790	3125	4977	5662	
The 367th bicluster:
	row_pattern:	256	259	389	449	451	461	
	col_pattern:	1491	2573	8	61	109	966	1177	1927	2271	3125	4977	5662	
The 368th bicluster:
	row_pattern:	249	396	397	462	482	491	542	
	col_pattern:	1408	3184	546	1148	1167	1310	1319	1383	1728	2796	2800	3212	
The 369th bicluster:
	row_pattern:	249	396	397	462	482	491	542	
	col_pattern:	1408	1673	546	1310	1383	1728	1732	1886	2796	2800	3184	3212	
The 370th bicluster:
	row_pattern:	249	396	397	462	482	491	542	
	col_pattern:	1383	3184	546	1310	1408	1673	1685	1728	1886	2796	2800	3212	
The 371th bicluster:
	row_pattern:	249	396	397	462	482	491	542	613	
	col_pattern:	1383	1408	546	1310	1673	1728	1781	1886	2796	2800	3184	3212	
The 372th bicluster:
	row_pattern:	249	396	397	462	482	491	542	
	col_pattern:	1310	3184	546	780	1148	1167	1168	1408	1728	2796	2800	3212	
The 373th bicluster:
	row_pattern:	472	473	489	490	
	col_pattern:	1204	2143	980	1350	1564	1587	1604	4413	4558	9994	11662	11663	
The 374th bicluster:
	row_pattern:	14	221	455	468	504	505	506	507	508	
	col_pattern:	1170	4153	43	579	688	834	879	918	929	934	1195	1959	
The 375th bicluster:
	row_pattern:	249	396	397	462	482	491	542	
	col_pattern:	1167	3184	546	780	1148	1310	1319	1408	1728	2796	2800	3212	
The 376th bicluster:
	row_pattern:	249	396	397	462	482	491	542	
	col_pattern:	1167	1310	546	780	1148	1408	1411	1728	2796	2800	3184	3212	
The 377th bicluster:
	row_pattern:	472	473	489	490	
	col_pattern:	980	2143	935	1204	1350	1564	1568	1587	4413	4558	9994	11662	
The 378th bicluster:
	row_pattern:	256	389	449	451	461	
	col_pattern:	934	1218	34	45	110	160	165	422	429	3252	10546	11794	
The 379th bicluster:
	row_pattern:	10	11	82	83	84	193	354	408	453	457	
	col_pattern:	830	2272	602	620	651	903	1022	1203	2547	3418	5060	6266	
The 380th bicluster:
	row_pattern:	14	221	455	468	504	505	506	507	508	
	col_pattern:	688	781	43	94	199	579	580	879	929	1195	1959	4153	
The 381th bicluster:
	row_pattern:	20	208	352	353	355	356	
	col_pattern:	688	709	493	606	610	633	634	644	770	1277	2568	7241	
The 382th bicluster:
	row_pattern:	14	221	455	468	504	505	506	507	508	
	col_pattern:	579	1195	43	688	781	834	879	918	929	934	2053	4153	
The 383th bicluster:
	row_pattern:	14	221	455	468	504	505	506	507	508	
	col_pattern:	579	879	43	199	688	781	783	929	1195	1959	2053	4153	
The 384th bicluster:
	row_pattern:	15	205	291	364	365	
	col_pattern:	206	1317	445	578	579	615	687	701	756	780	1058	1059	
The 385th bicluster:
	row_pattern:	256	389	449	451	461	
	col_pattern:	110	3566	34	45	160	273	275	422	429	3252	10546	11794	
The 386th bicluster:
	row_pattern:	82	83	84	193	614	
	col_pattern:	72	602	410	517	591	620	651	830	1022	1203	1289	1328	
The 387th bicluster:
	row_pattern:	256	389	449	451	461	551	
	col_pattern:	8	1227	61	109	966	1177	1927	2271	2573	3125	4977	5662	
The 388th bicluster:
	row_pattern:	538	539	540	541	
	col_pattern:	8994	12951	64	81	219	306	309	546	632	8692	12946	
The 389th bicluster:
	row_pattern:	249	396	397	462	482	491	542	
	col_pattern:	2800	3184	546	1310	1383	1408	1411	1728	1886	2796	3212	
The 390th bicluster:
	row_pattern:	15	205	364	365	
	col_pattern:	2074	2628	1292	1522	1864	1867	2271	2627	3071	6458	9374	
The 391th bicluster:
	row_pattern:	15	16	71	365	568	
	col_pattern:	1867	3885	1292	1522	1864	2074	2084	2271	3622	3637	9374	
The 392th bicluster:
	row_pattern:	15	16	71	205	365	568	
	col_pattern:	1867	2074	1292	1522	1864	2271	2273	3622	3637	5450	9374	
The 393th bicluster:
	row_pattern:	249	396	397	447	450	462	482	491	542	
	col_pattern:	1673	3212	546	1310	1383	1408	1781	1886	2796	2800	3184	
The 394th bicluster:
	row_pattern:	472	473	489	490	
	col_pattern:	1350	1587	980	1204	1564	2143	2164	4413	4558	8480	9994	
The 395th bicluster:
	row_pattern:	249	396	397	462	482	491	542	
	col_pattern:	1310	3212	546	1148	1167	1408	1411	1728	2796	2800	3184	
The 396th bicluster:
	row_pattern:	249	396	397	462	482	491	542	
	col_pattern:	1310	1408	546	1148	1167	1728	1732	2796	2800	3184	3212	
The 397th bicluster:
	row_pattern:	292	472	473	489	490	
	col_pattern:	1204	1350	980	1564	1587	2143	4413	4558	8480	9994	11662	
The 398th bicluster:
	row_pattern:	14	20	221	455	468	504	505	506	507	508	591	
	col_pattern:	1195	4153	43	579	688	781	834	879	918	929	2053	
The 399th bicluster:
	row_pattern:	249	396	397	462	482	491	542	614	
	col_pattern:	780	1310	546	1148	1167	1408	1728	2796	2800	3184	3212	
The 400th bicluster:
	row_pattern:	15	16	71	364	365	568	
	col_pattern:	707	1272	199	284	304	366	404	494	1382	1796	5164	
The 401th bicluster:
	row_pattern:	41	249	396	397	462	482	491	542	
	col_pattern:	546	780	1148	1167	1310	1408	1728	2796	2800	3184	3212	
The 402th bicluster:
	row_pattern:	538	539	540	541	
	col_pattern:	546	680	81	219	306	596	597	617	632	4433	8994	
The 403th bicluster:
	row_pattern:	538	539	540	541	
	col_pattern:	546	596	81	219	306	617	618	632	680	4433	4622	
The 404th bicluster:
	row_pattern:	538	539	540	541	
	col_pattern:	306	546	64	81	219	632	633	8692	8994	12946	12951	
The 405th bicluster:
	row_pattern:	538	539	540	541	
	col_pattern:	81	632	64	219	306	546	547	596	617	680	8994	
The 406th bicluster:
	row_pattern:	256	389	449	451	461	611	
	col_pattern:	34	110	45	160	273	422	429	934	1218	3252	10546	
The 407th bicluster:
	row_pattern:	14	20	178	221	455	468	504	505	506	507	508	
	col_pattern:	4899	6872	91	150	1179	1654	2088	2173	2315	2327	
The 408th bicluster:
	row_pattern:	14	20	178	221	455	468	504	505	506	507	508	
	col_pattern:	2173	3002	91	150	1170	1654	2088	2327	4899	6872	
The 409th bicluster:
	row_pattern:	299	353	355	356	
	col_pattern:	1779	2568	273	360	397	1891	1943	2488	2548	2783	
The 410th bicluster:
	row_pattern:	249	396	397	462	482	491	542	
	col_pattern:	1728	3184	546	1310	1383	1408	1411	2796	2800	3212	
The 411th bicluster:
	row_pattern:	14	20	178	221	455	468	504	505	506	507	508	
	col_pattern:	1654	2173	91	150	1170	1195	1546	2327	4899	6417	
The 412th bicluster:
	row_pattern:	353	355	356	614	
	col_pattern:	1550	2548	302	360	397	455	493	1238	1277	1373	
The 413th bicluster:
	row_pattern:	143	353	355	356	
	col_pattern:	1350	1448	302	360	397	455	493	904	921	1096	
The 414th bicluster:
	row_pattern:	242	243	244	402	492	
	col_pattern:	1274	3167	1	9	14	614	615	1568	2718	2749	
The 415th bicluster:
	row_pattern:	353	355	356	614	
	col_pattern:	1238	2548	302	360	397	455	493	1550	1584	1891	
The 416th bicluster:
	row_pattern:	256	389	449	451	461	
	col_pattern:	1218	3854	45	422	429	934	945	2573	3125	5662	
The 417th bicluster:
	row_pattern:	256	389	449	451	461	
	col_pattern:	1218	2553	45	422	429	934	945	2573	3125	5662	
The 418th bicluster:
	row_pattern:	143	353	355	356	
	col_pattern:	904	1350	302	360	397	455	493	1448	1476	1891	
The 419th bicluster:
	row_pattern:	538	539	540	541	
	col_pattern:	632	2776	219	306	546	596	597	617	680	4433	
The 420th bicluster:
	row_pattern:	242	243	244	402	492	
	col_pattern:	614	1274	1	9	14	1568	1570	2718	2749	3167	
The 421th bicluster:
	row_pattern:	67	208	352	353	355	356	
	col_pattern:	606	709	397	493	610	633	634	644	688	1277	
The 422th bicluster:
	row_pattern:	14	221	331	334	335	455	468	504	505	506	507	508	
	col_pattern:	579	781	43	94	199	688	879	929	1195	2053	
The 423th bicluster:
	row_pattern:	353	355	356	582	
	col_pattern:	180	1171	18	141	169	181	455	606	610	633	
The 424th bicluster:
	row_pattern:	256	389	449	451	461	
	col_pattern:	160	273	34	45	110	422	424	429	3252	10546	
The 425th bicluster:
	row_pattern:	353	355	356	582	
	col_pattern:	141	1171	169	180	181	455	633	644	874	904	
The 426th bicluster:
	row_pattern:	353	355	356	582	
	col_pattern:	141	180	169	181	455	644	874	1171	1943	2704	
The 427th bicluster:
	row_pattern:	14	221	331	334	335	504	505	506	507	508	
	col_pattern:	91	2088	150	387	1170	1179	2173	2286	2327	4899	
The 428th bicluster:
	row_pattern:	15	16	71	205	365	568	
	col_pattern:	87	3079	575	707	1092	1272	1382	1401	3257	4323	
The 429th bicluster:
	row_pattern:	16	71	205	568	
	col_pattern:	87	374	279	575	898	1018	1096	1661	1704	2377	
The 430th bicluster:
	row_pattern:	242	243	244	402	492	
	col_pattern:	14	3167	1	9	614	1274	1283	1568	2718	2749	
The 431th bicluster:
	row_pattern:	599	600	601	602	603	604	605	606	
	col_pattern:	3646	4121	431	918	1350	2719	2739	2814	2834	
The 432th bicluster:
	row_pattern:	15	16	71	365	568	
	col_pattern:	3248	3346	314	1608	1762	2618	2811	3824	4911	
The 433th bicluster:
	row_pattern:	472	473	489	490	
	col_pattern:	2895	2896	494	1097	1586	2075	2076	2671	2823	
The 434th bicluster:
	row_pattern:	599	600	601	602	603	604	605	606	
	col_pattern:	2834	4121	431	918	1350	2719	2735	2814	3646	
The 435th bicluster:
	row_pattern:	538	539	540	541	
	col_pattern:	2735	2776	596	617	632	680	681	2661	4433	
The 436th bicluster:
	row_pattern:	599	600	601	602	603	604	605	606	
	col_pattern:	2719	4121	431	918	1350	2814	2822	2834	3646	
The 437th bicluster:
	row_pattern:	14	20	221	504	505	506	507	508	
	col_pattern:	2088	2515	1654	1864	2173	2327	3072	4899	6872	
The 438th bicluster:
	row_pattern:	472	473	489	490	
	col_pattern:	2075	2895	494	1097	1586	2671	2673	2823	2896	
The 439th bicluster:
	row_pattern:	472	473	489	490	
	col_pattern:	2075	2671	494	1097	1586	2823	2842	2895	2896	
The 440th bicluster:
	row_pattern:	249	396	397	447	450	462	482	485	491	542	
	col_pattern:	1886	2800	546	1310	1673	1728	1781	2796	3212	
The 441th bicluster:
	row_pattern:	249	396	397	447	450	462	482	485	491	542	
	col_pattern:	1781	1886	1383	1408	1673	1728	2800	3184	3212	
The 442th bicluster:
	row_pattern:	249	396	397	447	450	462	482	485	491	542	
	col_pattern:	1673	1886	1383	1408	1781	2796	2800	3184	3212	
The 443th bicluster:
	row_pattern:	256	389	449	451	461	
	col_pattern:	934	2553	45	422	429	1218	1231	2573	5662	
The 444th bicluster:
	row_pattern:	599	600	601	602	603	604	605	606	
	col_pattern:	918	3504	431	1350	2719	2814	2822	2834	4121	
The 445th bicluster:
	row_pattern:	33	533	534	535	536	537	
	col_pattern:	854	1666	596	617	632	680	681	4433	4622	
The 446th bicluster:
	row_pattern:	25	228	229	230	513	514	515	516	517	518	519	
	col_pattern:	734	3637	112	467	694	708	3622	3942	4048	
The 447th bicluster:
	row_pattern:	33	538	539	540	541	
	col_pattern:	680	2735	596	617	632	1666	2776	4433	4622	
The 448th bicluster:
	row_pattern:	33	533	534	535	536	537	538	539	540	541	
	col_pattern:	680	2553	596	617	632	854	1666	4433	4622	
The 449th bicluster:
	row_pattern:	33	533	534	535	536	537	
	col_pattern:	680	1666	596	617	632	854	855	4433	4622	
The 450th bicluster:
	row_pattern:	33	533	534	535	536	537	
	col_pattern:	632	854	596	617	680	1666	1672	4433	4622	
The 451th bicluster:
	row_pattern:	538	539	540	541	
	col_pattern:	617	2776	546	596	632	680	681	2661	4433	
The 452th bicluster:
	row_pattern:	193	242	243	244	402	492	
	col_pattern:	614	1568	1	9	14	1274	2718	2749	3167	
The 453th bicluster:
	row_pattern:	15	16	71	365	568	
	col_pattern:	314	3346	1608	1762	2618	3248	3432	3824	4911	
The 454th bicluster:
	row_pattern:	256	389	449	451	461	
	col_pattern:	273	3566	34	110	160	422	424	3252	10546	
The 455th bicluster:
	row_pattern:	25	513	514	515	516	517	518	519	
	col_pattern:	112	3637	467	694	708	734	744	3622	3942	
The 456th bicluster:
	row_pattern:	25	513	514	515	516	517	518	519	
	col_pattern:	112	708	467	694	734	3622	3637	3644	3942	
The 457th bicluster:
	row_pattern:	242	243	244	402	492	
	col_pattern:	14	2749	1	9	614	1274	1283	1568	2718	
The 458th bicluster:
	row_pattern:	189	472	473	489	490	
	col_pattern:	11662	11663	935	980	1204	1350	1564	1587	
The 459th bicluster:
	row_pattern:	483	484	493	494	
	col_pattern:	3281	3582	10	1697	2198	4558	4582	9374	
The 460th bicluster:
	row_pattern:	599	600	601	602	603	604	605	606	
	col_pattern:	2814	2834	431	918	1350	2719	2725	4121	
The 461th bicluster:
	row_pattern:	242	243	244	402	492	
	col_pattern:	2749	3167	14	1274	1568	2718	2719	4790	
The 462th bicluster:
	row_pattern:	599	600	601	602	603	604	605	606	
	col_pattern:	2719	2834	431	918	1350	2814	2822	4121	
The 463th bicluster:
	row_pattern:	599	600	601	602	603	604	605	606	
	col_pattern:	2719	2814	431	918	1350	2834	2851	4121	
The 464th bicluster:
	row_pattern:	242	243	244	402	492	
	col_pattern:	2718	3167	14	614	1274	1568	1570	2749	
The 465th bicluster:
	row_pattern:	10	11	131	193	354	
	col_pattern:	2272	2306	602	620	651	830	1022	1203	
The 466th bicluster:
	row_pattern:	256	389	449	451	461	
	col_pattern:	2248	3252	110	160	273	3566	3572	10546	
The 467th bicluster:
	row_pattern:	483	484	493	494	
	col_pattern:	2198	3582	10	1697	2578	4558	4582	9374	
The 468th bicluster:
	row_pattern:	293	472	473	489	490	
	col_pattern:	2075	2896	494	1097	1586	2671	2823	2895	
The 469th bicluster:
	row_pattern:	14	20	221	504	505	506	507	508	
	col_pattern:	1654	2515	1546	1864	2173	2327	3072	4899	
The 470th bicluster:
	row_pattern:	352	353	355	356	
	col_pattern:	1579	3057	874	927	1022	1943	2704	3070	
The 471th bicluster:
	row_pattern:	242	243	244	402	492	
	col_pattern:	1568	3167	14	614	1274	2718	2719	2749	
The 472th bicluster:
	row_pattern:	98	472	473	489	490	
	col_pattern:	1564	1587	935	980	1204	1350	2143	4413	
The 473th bicluster:
	row_pattern:	193	599	600	601	602	603	604	605	606	
	col_pattern:	1350	3646	431	918	2719	2814	2834	4121	
The 474th bicluster:
	row_pattern:	352	472	473	489	490	
	col_pattern:	1350	2143	980	1204	1564	1587	4413	4558	
The 475th bicluster:
	row_pattern:	291	353	355	356	614	
	col_pattern:	1238	1550	302	455	904	1448	2548	2568	
The 476th bicluster:
	row_pattern:	249	396	397	462	482	491	542	
	col_pattern:	1167	2589	780	951	981	1148	1156	1310	
The 477th bicluster:
	row_pattern:	249	396	397	462	482	491	542	
	col_pattern:	1148	2589	780	951	981	1167	1168	1310	
The 478th bicluster:
	row_pattern:	472	473	489	490	
	col_pattern:	1097	1586	2075	2671	2823	2895	2896	2923	
The 479th bicluster:
	row_pattern:	16	71	353	355	356	568	
	col_pattern:	1096	1135	662	663	680	687	688	898	
The 480th bicluster:
	row_pattern:	249	396	397	462	482	491	542	
	col_pattern:	951	1148	298	780	981	1167	1168	2589	
The 481th bicluster:
	row_pattern:	14	221	331	334	335	455	468	504	505	506	507	508	
	col_pattern:	781	929	43	94	199	579	688	834	
The 482th bicluster:
	row_pattern:	67	352	353	355	356	
	col_pattern:	709	1350	302	397	606	610	634	641	
The 483th bicluster:
	row_pattern:	20	352	353	355	356	
	col_pattern:	709	918	302	493	688	770	1287	1350	
The 484th bicluster:
	row_pattern:	16	71	353	355	356	568	
	col_pattern:	687	1135	662	663	680	898	918	1096	
The 485th bicluster:
	row_pattern:	16	71	353	355	356	568	
	col_pattern:	687	898	662	663	680	1096	1135	1200	
The 486th bicluster:
	row_pattern:	538	539	540	541	
	col_pattern:	680	2776	596	617	632	2661	2662	4433	
The 487th bicluster:
	row_pattern:	538	539	540	541	
	col_pattern:	680	2661	596	617	632	2776	2795	4433	
The 488th bicluster:
	row_pattern:	33	533	534	535	536	537	538	539	540	541	
	col_pattern:	632	680	596	617	854	1666	4433	4622	
The 489th bicluster:
	row_pattern:	15	16	71	205	291	364	365	527	568	614	
	col_pattern:	615	780	199	579	701	756	1059	1317	
The 490th bicluster:
	row_pattern:	242	243	244	402	492	
	col_pattern:	614	2718	1	9	14	1274	1283	1568	
The 491th bicluster:
	row_pattern:	67	352	353	355	356	
	col_pattern:	606	1350	18	397	709	1277	1287	1891	
The 492th bicluster:
	row_pattern:	33	533	534	535	536	537	
	col_pattern:	596	4018	632	680	1666	4433	4446	4622	
The 493th bicluster:
	row_pattern:	33	533	534	535	536	537	608	
	col_pattern:	596	1666	617	632	680	854	4433	4622	
The 494th bicluster:
	row_pattern:	352	353	355	356	453	
	col_pattern:	493	1350	32	302	1287	1891	1943	2488	
The 495th bicluster:
	row_pattern:	352	353	355	356	453	
	col_pattern:	493	1287	302	397	1350	1891	1943	2488	
The 496th bicluster:
	row_pattern:	15	16	71	205	364	365	568	
	col_pattern:	314	3824	1608	1762	2618	3248	3346	4911	
The 497th bicluster:
	row_pattern:	14	20	221	331	334	335	455	468	504	505	506	507	508	
	col_pattern:	199	929	43	579	688	781	879	1195	
The 498th bicluster:
	row_pattern:	25	513	514	515	516	517	518	519	
	col_pattern:	112	3942	467	694	708	3622	3637	3644	
The 499th bicluster:
	row_pattern:	25	513	514	515	516	517	518	519	614	
	col_pattern:	112	694	467	708	734	3622	3637	3942	
The 500th bicluster:
	row_pattern:	82	83	84	193	614	
	col_pattern:	72	651	410	517	591	602	620	639	
The 501th bicluster:
	row_pattern:	125	538	539	540	541	
	col_pattern:	64	81	219	306	546	632	8692	8994	
The 502th bicluster:
	row_pattern:	242	243	244	402	492	
	col_pattern:	14	1568	1	9	614	1274	1277	2718	
The 503th bicluster:
	row_pattern:	483	484	493	494	
	col_pattern:	4558	5211	10	1697	3582	9374	9416	
The 504th bicluster:
	row_pattern:	25	228	229	230	513	514	515	516	517	518	519	
	col_pattern:	3637	3942	112	467	694	708	3622	
The 505th bicluster:
	row_pattern:	15	16	71	365	568	
	col_pattern:	3248	3824	314	2618	3346	4911	5108	
The 506th bicluster:
	row_pattern:	599	600	601	602	603	604	605	606	
	col_pattern:	2719	3504	918	1553	2814	2834	2851	
The 507th bicluster:
	row_pattern:	241	242	243	244	402	492	
	col_pattern:	2718	2749	14	614	1274	1568	3167	
The 508th bicluster:
	row_pattern:	538	539	540	541	589	
	col_pattern:	2661	2776	596	617	632	680	4433	
The 509th bicluster:
	row_pattern:	249	396	397	462	482	491	542	
	col_pattern:	2589	3541	951	981	1148	1167	1168	
The 510th bicluster:
	row_pattern:	483	484	493	494	
	col_pattern:	2578	3582	10	1697	4558	9374	9416	
The 511th bicluster:
	row_pattern:	10	11	82	83	84	193	354	408	453	457	
	col_pattern:	2020	2035	1022	1203	2095	2272	2306	
The 512th bicluster:
	row_pattern:	292	353	355	356	
	col_pattern:	1891	3136	302	360	397	1350	1373	
The 513th bicluster:
	row_pattern:	25	228	229	230	513	514	515	516	517	518	519	
	col_pattern:	1865	3942	467	1528	2577	3622	3637	
The 514th bicluster:
	row_pattern:	15	205	291	365	
	col_pattern:	1823	2618	1092	1272	1382	1401	2617	
The 515th bicluster:
	row_pattern:	249	396	397	447	450	462	482	485	491	542	632	
	col_pattern:	1781	2800	546	1673	1728	1886	3212	
The 516th bicluster:
	row_pattern:	299	353	355	356	
	col_pattern:	1779	2488	18	273	360	2568	2783	
The 517th bicluster:
	row_pattern:	249	396	397	447	450	462	482	485	491	542	632	
	col_pattern:	1673	2800	546	1781	1886	2796	3212	
The 518th bicluster:
	row_pattern:	60	353	355	356	
	col_pattern:	1550	2488	18	273	360	2568	2783	
The 519th bicluster:
	row_pattern:	292	353	355	356	
	col_pattern:	1350	3136	302	360	397	1891	1943	
The 520th bicluster:
	row_pattern:	353	355	356	578	
	col_pattern:	1350	1995	493	505	596	1287	1373	
The 521th bicluster:
	row_pattern:	14	221	331	334	335	455	468	504	505	506	507	508	
	col_pattern:	1170	2327	91	150	1179	2173	4899	
The 522th bicluster:
	row_pattern:	16	71	552	568	
	col_pattern:	1018	1135	445	579	615	898	1058	
The 523th bicluster:
	row_pattern:	249	396	397	462	482	491	542	
	col_pattern:	981	1167	298	951	1148	2589	2597	
The 524th bicluster:
	row_pattern:	249	396	397	462	482	491	542	
	col_pattern:	951	2589	298	981	1148	1167	1168	
The 525th bicluster:
	row_pattern:	353	355	356	434	
	col_pattern:	927	1176	180	181	455	1171	2704	
The 526th bicluster:
	row_pattern:	16	71	353	355	356	552	568	
	col_pattern:	898	1135	662	663	687	1018	1096	
The 527th bicluster:
	row_pattern:	25	47	228	229	230	384	513	514	515	516	517	518	519	
	col_pattern:	708	734	112	467	3622	3637	3942	
The 528th bicluster:
	row_pattern:	33	186	533	534	535	536	537	538	539	540	541	
	col_pattern:	617	632	596	680	854	4433	4622	
The 529th bicluster:
	row_pattern:	251	325	327	328	
	col_pattern:	493	3873	442	2933	3394	3487	5076	
The 530th bicluster:
	row_pattern:	353	355	356	453	
	col_pattern:	493	1203	18	302	360	1022	1277	
The 531th bicluster:
	row_pattern:	15	16	71	205	365	568	
	col_pattern:	314	2618	1176	3248	3346	3824	4911	
The 532th bicluster:
	row_pattern:	16	71	364	568	
	col_pattern:	279	707	87	575	917	1272	1382	
The 533th bicluster:
	row_pattern:	16	71	292	568	
	col_pattern:	271	579	159	199	221	284	304	
The 534th bicluster:
	row_pattern:	12	13	246	247	
	col_pattern:	269	1703	300	1188	1254	1381	1623	
The 535th bicluster:
	row_pattern:	483	484	493	494	
	col_pattern:	257	322	66	127	248	5358	5364	
The 536th bicluster:
	row_pattern:	353	355	356	553	
	col_pattern:	169	181	141	180	455	644	874	
The 537th bicluster:
	row_pattern:	25	513	514	515	516	517	518	519	
	col_pattern:	112	734	708	3622	3637	3942	4048	
The 538th bicluster:
	row_pattern:	298	352	353	355	356	
	col_pattern:	4873	6051	2831	3069	5473	6950	
The 539th bicluster:
	row_pattern:	14	20	221	455	468	504	505	506	507	508	
	col_pattern:	3529	4151	1759	1997	3121	3940	
The 540th bicluster:
	row_pattern:	15	16	71	255	365	568	
	col_pattern:	3346	3824	314	2618	3248	4911	
The 541th bicluster:
	row_pattern:	15	16	71	205	365	568	
	col_pattern:	2618	3824	314	3248	3346	4911	
The 542th bicluster:
	row_pattern:	14	20	221	331	334	335	455	468	504	505	506	507	508	
	col_pattern:	2173	2327	91	150	1170	1195	
The 543th bicluster:
	row_pattern:	14	20	178	221	504	505	506	507	508	
	col_pattern:	2088	3002	2173	2315	4899	6872	
The 544th bicluster:
	row_pattern:	10	11	82	83	84	193	354	408	453	457	
	col_pattern:	2035	2095	1022	1203	1328	2272	
The 545th bicluster:
	row_pattern:	249	396	397	447	450	462	482	485	491	542	632	
	col_pattern:	1673	1781	1383	1886	2800	3212	
The 546th bicluster:
	row_pattern:	220	353	355	356	372	
	col_pattern:	1448	3136	302	455	904	921	
The 547th bicluster:
	row_pattern:	10	11	193	354	408	453	457	
	col_pattern:	1350	1568	212	578	1287	1541	
The 548th bicluster:
	row_pattern:	15	16	71	205	364	365	568	
	col_pattern:	1292	2074	1864	1867	2628	9374	
The 549th bicluster:
	row_pattern:	10	11	193	354	408	453	457	
	col_pattern:	1203	1568	212	1287	1350	1541	
The 550th bicluster:
	row_pattern:	10	11	82	83	84	193	353	354	355	356	408	453	457	
	col_pattern:	1203	1350	212	1022	1287	1568	
The 551th bicluster:
	row_pattern:	101	249	281	396	397	462	482	491	542	
	col_pattern:	1148	1167	546	780	951	1310	
The 552th bicluster:
	row_pattern:	249	302	396	397	462	482	491	542	
	col_pattern:	951	981	298	1148	1167	2589	
The 553th bicluster:
	row_pattern:	15	16	71	205	272	291	364	365	527	568	614	
	col_pattern:	579	615	445	756	780	1317	
The 554th bicluster:
	row_pattern:	14	221	455	468	504	505	506	507	508	
	col_pattern:	94	3882	199	781	929	1959	
The 555th bicluster:
	row_pattern:	14	221	331	334	335	455	468	504	505	506	507	508	
	col_pattern:	91	1170	150	2173	2327	4899	
The 556th bicluster:
	row_pattern:	265	483	484	493	494	
	col_pattern:	10	2578	1697	3582	4558	9374	
The 557th bicluster:
	row_pattern:	291	353	355	356	
	col_pattern:	6334	7001	273	449	1584	
The 558th bicluster:
	row_pattern:	29	395	456	467	
	col_pattern:	4918	6927	3069	5473	5715	
The 559th bicluster:
	row_pattern:	298	352	353	355	356	
	col_pattern:	4873	6950	2831	3069	5473	
The 560th bicluster:
	row_pattern:	242	243	244	402	492	
	col_pattern:	4790	4915	2718	2749	3167	
The 561th bicluster:
	row_pattern:	32	33	440	529	533	534	535	536	537	538	539	540	541	
	col_pattern:	4433	4622	596	617	632	
The 562th bicluster:
	row_pattern:	237	344	475	522	523	524	525	526	527	
	col_pattern:	4392	4573	3239	4379	4560	
The 563th bicluster:
	row_pattern:	237	344	475	522	523	524	525	526	527	
	col_pattern:	4379	4573	745	4392	4560	
The 564th bicluster:
	row_pattern:	251	325	327	328	
	col_pattern:	3487	3873	442	493	514	
The 565th bicluster:
	row_pattern:	0	1	2	222	330	332	333	
	col_pattern:	3224	4180	1487	2158	3223	
The 566th bicluster:
	row_pattern:	0	1	2	51	188	222	330	332	333	
	col_pattern:	3223	3224	1487	2158	4180	
The 567th bicluster:
	row_pattern:	15	120	205	365	
	col_pattern:	2627	2628	578	701	737	
The 568th bicluster:
	row_pattern:	14	20	221	504	505	506	507	508	
	col_pattern:	2515	3529	988	4899	6872	
The 569th bicluster:
	row_pattern:	0	1	2	222	330	332	333	464	
	col_pattern:	2309	2503	255	1487	2301	
The 570th bicluster:
	row_pattern:	0	1	2	222	330	332	333	369	464	
	col_pattern:	2301	2309	255	1487	2503	
The 571th bicluster:
	row_pattern:	483	484	493	494	
	col_pattern:	2198	3281	3582	9374	10213	
The 572th bicluster:
	row_pattern:	0	1	2	178	222	330	332	333	448	477	
	col_pattern:	2195	2360	121	918	2173	
The 573th bicluster:
	row_pattern:	0	1	2	178	222	330	332	333	448	464	477	
	col_pattern:	2173	2360	121	918	2195	
The 574th bicluster:
	row_pattern:	0	1	2	222	330	332	333	
	col_pattern:	2158	3223	2173	2195	3224	
The 575th bicluster:
	row_pattern:	0	1	2	222	330	332	333	
	col_pattern:	2158	2195	2137	2173	6573	
The 576th bicluster:
	row_pattern:	0	1	2	178	222	330	332	333	448	477	
	col_pattern:	2137	2195	2158	2173	6573	
The 577th bicluster:
	row_pattern:	20	178	448	477	
	col_pattern:	2088	2195	2137	2173	2198	
The 578th bicluster:
	row_pattern:	14	20	221	455	468	504	505	506	507	508	
	col_pattern:	1997	3529	1561	1759	3121	
The 579th bicluster:
	row_pattern:	295	353	355	356	
	col_pattern:	1995	3942	505	596	610	
The 580th bicluster:
	row_pattern:	25	228	229	230	513	514	515	516	517	518	519	
	col_pattern:	1865	2501	1408	1528	1795	
The 581th bicluster:
	row_pattern:	14	20	221	455	468	504	505	506	507	508	
	col_pattern:	1759	3121	1997	3529	6408	
The 582th bicluster:
	row_pattern:	14	20	178	211	221	338	504	505	506	507	508	
	col_pattern:	1546	1654	91	2173	4899	
The 583th bicluster:
	row_pattern:	353	355	356	427	
	col_pattern:	1493	1675	493	505	596	
The 584th bicluster:
	row_pattern:	0	1	2	188	222	330	332	333	
	col_pattern:	1487	3224	2158	3223	4180	
The 585th bicluster:
	row_pattern:	0	1	2	222	330	332	333	448	477	
	col_pattern:	1487	2503	255	2301	2309	
The 586th bicluster:
	row_pattern:	0	1	2	222	330	332	333	
	col_pattern:	1487	2309	255	2301	2503	
The 587th bicluster:
	row_pattern:	16	71	422	568	
	col_pattern:	1382	2377	159	199	221	
The 588th bicluster:
	row_pattern:	83	84	193	421	
	col_pattern:	1328	2547	72	410	517	
The 589th bicluster:
	row_pattern:	83	84	193	557	
	col_pattern:	1289	1328	72	410	517	
The 590th bicluster:
	row_pattern:	353	355	356	550	
	col_pattern:	1287	1373	302	360	397	
The 591th bicluster:
	row_pattern:	16	71	336	568	
	col_pattern:	1272	3748	159	199	221	
The 592th bicluster:
	row_pattern:	52	353	355	356	
	col_pattern:	1191	1448	302	455	493	
The 593th bicluster:
	row_pattern:	14	221	448	455	468	477	504	505	506	507	508	
	col_pattern:	1179	2173	91	150	1170	
The 594th bicluster:
	row_pattern:	228	229	230	614	
	col_pattern:	1158	1865	1408	1528	1795	
The 595th bicluster:
	row_pattern:	353	355	356	595	
	col_pattern:	1096	1675	493	505	596	
The 596th bicluster:
	row_pattern:	22	206	291	336	339	509	510	
	col_pattern:	1083	1107	1009	1067	4190	
The 597th bicluster:
	row_pattern:	14	20	221	455	468	504	505	506	507	508	509	510	
	col_pattern:	1080	1997	1561	1759	3529	
The 598th bicluster:
	row_pattern:	14	20	221	455	468	504	505	506	507	508	614	
	col_pattern:	988	3529	2515	4899	6872	
The 599th bicluster:
	row_pattern:	353	355	356	364	
	col_pattern:	980	1287	493	505	596	
The 600th bicluster:
	row_pattern:	353	355	356	434	
	col_pattern:	927	1171	18	141	169	
The 601th bicluster:
	row_pattern:	279	353	355	356	
	col_pattern:	921	1096	302	360	397	
The 602th bicluster:
	row_pattern:	353	355	356	594	
	col_pattern:	874	927	18	141	169	
The 603th bicluster:
	row_pattern:	320	321	322	543	544	545	546	547	548	
	col_pattern:	823	3855	2857	6261	6292	
The 604th bicluster:
	row_pattern:	16	71	279	568	
	col_pattern:	737	1096	374	578	615	
The 605th bicluster:
	row_pattern:	207	315	398	487	
	col_pattern:	699	1221	67	73	109	
The 606th bicluster:
	row_pattern:	178	353	355	356	
	col_pattern:	693	918	505	545	596	
The 607th bicluster:
	row_pattern:	15	16	71	353	355	356	365	568	
	col_pattern:	663	687	199	662	756	
The 608th bicluster:
	row_pattern:	472	473	489	490	
	col_pattern:	661	3231	197	935	2865	
The 609th bicluster:
	row_pattern:	269	353	355	356	
	col_pattern:	627	628	302	360	397	
The 610th bicluster:
	row_pattern:	33	353	355	356	533	534	535	536	537	538	539	540	541	
	col_pattern:	596	680	617	632	4433	
The 611th bicluster:
	row_pattern:	10	11	82	83	84	193	354	408	453	457	
	col_pattern:	578	1350	212	1287	1568	
The 612th bicluster:
	row_pattern:	353	355	356	552	
	col_pattern:	559	633	18	360	397	
The 613th bicluster:
	row_pattern:	24	227	292	340	
	col_pattern:	558	567	876	1825	3307	
The 614th bicluster:
	row_pattern:	353	355	356	608	
	col_pattern:	505	596	302	360	397	
The 615th bicluster:
	row_pattern:	251	325	327	328	
	col_pattern:	442	493	498	3394	9404	
The 616th bicluster:
	row_pattern:	83	84	193	560	
	col_pattern:	410	1328	72	517	591	
The 617th bicluster:
	row_pattern:	16	71	209	568	
	col_pattern:	284	2377	159	199	221	
The 618th bicluster:
	row_pattern:	0	1	2	208	222	330	332	333	464	
	col_pattern:	255	2503	1487	2301	2309	
The 619th bicluster:
	row_pattern:	10	11	82	193	354	408	453	457	
	col_pattern:	212	1350	578	1287	1568	
The 620th bicluster:
	row_pattern:	353	355	356	553	582	
	col_pattern:	169	180	141	181	1171	
The 621th bicluster:
	row_pattern:	16	71	292	568	
	col_pattern:	159	271	199	221	284	
The 622th bicluster:
	row_pattern:	207	256	398	487	
	col_pattern:	73	109	67	699	703	
The 623th bicluster:
	row_pattern:	256	277	389	449	451	461	611	
	col_pattern:	45	110	34	160	273	
The 624th bicluster:
	row_pattern:	256	389	449	451	461	592	611	
	col_pattern:	34	45	110	160	273	
The 625th bicluster:
	row_pattern:	22	339	509	510	
	col_pattern:	31	1009	1083	1107	5677	
The 626th bicluster:
	row_pattern:	483	484	493	494	615	
	col_pattern:	9374	10213	3479	3582	
The 627th bicluster:
	row_pattern:	4	48	223	224	225	226	512	582	
	col_pattern:	6364	6486	1921	3207	
The 628th bicluster:
	row_pattern:	0	1	2	222	330	332	333	464	
	col_pattern:	5768	5961	1364	5100	
The 629th bicluster:
	row_pattern:	20	202	237	344	475	522	523	524	525	526	527	
	col_pattern:	4560	4573	4379	4392	
The 630th bicluster:
	row_pattern:	0	1	2	222	330	332	333	464	
	col_pattern:	3417	4180	1487	3224	
The 631th bicluster:
	row_pattern:	7	8	26	70	80	81	167	373	
	col_pattern:	3365	4325	3060	10078	
The 632th bicluster:
	row_pattern:	256	389	449	451	461	
	col_pattern:	3072	3510	1927	2032	
The 633th bicluster:
	row_pattern:	20	256	389	449	451	461	
	col_pattern:	3072	3219	2032	3510	
The 634th bicluster:
	row_pattern:	263	472	473	489	490	
	col_pattern:	2865	3231	197	661	
The 635th bicluster:
	row_pattern:	256	389	449	451	461	
	col_pattern:	2790	3034	109	1901	
The 636th bicluster:
	row_pattern:	0	1	2	222	330	332	333	
	col_pattern:	2769	2853	918	2360	
The 637th bicluster:
	row_pattern:	495	496	497	498	
	col_pattern:	2587	3855	2454	2857	
The 638th bicluster:
	row_pattern:	0	1	2	222	330	332	333	
	col_pattern:	2360	2769	121	918	
The 639th bicluster:
	row_pattern:	256	389	449	451	461	
	col_pattern:	2248	2295	273	449	
The 640th bicluster:
	row_pattern:	0	1	2	20	178	222	330	332	333	448	477	582	
	col_pattern:	2173	2195	2137	2158	
The 641th bicluster:
	row_pattern:	0	1	2	178	222	330	331	332	333	334	335	448	477	
	col_pattern:	2137	2173	2195	2360	
The 642th bicluster:
	row_pattern:	331	334	335	419	
	col_pattern:	2088	3911	2173	8850	
The 643th bicluster:
	row_pattern:	14	20	178	221	331	334	335	448	477	504	505	506	507	508	
	col_pattern:	2088	2173	91	1170	
The 644th bicluster:
	row_pattern:	4	223	224	225	226	512	
	col_pattern:	1921	3207	1844	6486	
The 645th bicluster:
	row_pattern:	14	178	221	331	334	335	455	468	504	505	506	507	508	
	col_pattern:	1814	1997	3232	8469	
The 646th bicluster:
	row_pattern:	15	16	71	205	364	365	568	
	col_pattern:	1762	3829	1607	1608	
The 647th bicluster:
	row_pattern:	14	20	178	221	331	334	335	455	468	504	505	506	507	508	
	col_pattern:	1759	1997	3121	3529	
The 648th bicluster:
	row_pattern:	74	249	257	300	396	397	462	482	491	542	
	col_pattern:	1705	1871	1690	7304	
The 649th bicluster:
	row_pattern:	249	396	397	462	482	491	542	
	col_pattern:	1690	1705	1871	7304	
The 650th bicluster:
	row_pattern:	472	473	489	490	
	col_pattern:	1683	2068	1175	1606	
The 651th bicluster:
	row_pattern:	15	16	71	205	364	365	568	
	col_pattern:	1608	1762	314	1607	
The 652th bicluster:
	row_pattern:	14	221	504	505	506	507	508	
	col_pattern:	1561	1997	1759	3529	
The 653th bicluster:
	row_pattern:	60	291	353	355	356	
	col_pattern:	1550	2568	18	455	
The 654th bicluster:
	row_pattern:	344	522	523	524	525	526	
	col_pattern:	1530	1902	633	1795	
The 655th bicluster:
	row_pattern:	0	1	2	222	330	332	333	
	col_pattern:	1487	3417	3224	4180	
The 656th bicluster:
	row_pattern:	4	223	224	225	226	512	
	col_pattern:	1391	1921	1844	6486	
The 657th bicluster:
	row_pattern:	292	352	353	355	356	
	col_pattern:	1350	1891	302	397	
The 658th bicluster:
	row_pattern:	15	16	36	71	72	205	259	364	365	568	
	col_pattern:	1315	1317	445	579	
The 659th bicluster:
	row_pattern:	10	11	82	83	84	193	353	354	355	356	408	453	457	
	col_pattern:	1203	1287	212	1350	
The 660th bicluster:
	row_pattern:	256	389	449	451	461	
	col_pattern:	1202	3219	1083	3072	
The 661th bicluster:
	row_pattern:	353	355	356	434	582	
	col_pattern:	1171	1176	180	181	
The 662th bicluster:
	row_pattern:	0	1	2	178	222	330	332	333	
	col_pattern:	918	2360	121	2769	
The 663th bicluster:
	row_pattern:	14	58	178	221	352	504	505	506	507	508	
	col_pattern:	918	1959	43	579	
The 664th bicluster:
	row_pattern:	143	220	291	353	355	356	372	
	col_pattern:	904	1448	455	493	
The 665th bicluster:
	row_pattern:	35	208	352	353	355	356	
	col_pattern:	877	931	720	721	
The 666th bicluster:
	row_pattern:	24	227	336	340	
	col_pattern:	875	876	1825	3307	
The 667th bicluster:
	row_pattern:	15	16	41	71	199	205	291	344	364	365	527	568	614	
	col_pattern:	756	780	579	615	
The 668th bicluster:
	row_pattern:	208	352	353	355	356	369	
	col_pattern:	721	931	720	877	
The 669th bicluster:
	row_pattern:	208	352	353	355	356	
	col_pattern:	721	877	720	931	
The 670th bicluster:
	row_pattern:	207	384	398	487	560	
	col_pattern:	703	745	67	699	
The 671th bicluster:
	row_pattern:	14	20	221	352	353	355	356	504	505	506	507	508	
	col_pattern:	688	918	43	4637	
The 672th bicluster:
	row_pattern:	15	16	71	353	355	356	365	419	568	
	col_pattern:	662	663	199	687	
The 673th bicluster:
	row_pattern:	522	523	524	525	526	
	col_pattern:	633	1902	1530	1795	
The 674th bicluster:
	row_pattern:	208	251	325	327	328	
	col_pattern:	493	498	442	3394	
The 675th bicluster:
	row_pattern:	52	105	106	152	
	col_pattern:	463	519	1121	2339	
The 676th bicluster:
	row_pattern:	143	220	291	296	353	355	356	372	
	col_pattern:	455	1448	904	3136	
The 677th bicluster:
	row_pattern:	143	220	258	291	353	355	356	372	
	col_pattern:	455	904	1448	3136	
The 678th bicluster:
	row_pattern:	256	353	355	356	389	449	451	461	
	col_pattern:	449	2295	273	2248	
The 679th bicluster:
	row_pattern:	14	221	455	468	504	505	506	507	508	
	col_pattern:	433	3121	3529	6408	
The 680th bicluster:
	row_pattern:	256	389	449	451	461	
	col_pattern:	357	3072	225	3510	
The 681th bicluster:
	row_pattern:	105	152	153	154	
	col_pattern:	271	463	5370	5567	
The 682th bicluster:
	row_pattern:	0	1	2	222	330	332	333	
	col_pattern:	255	324	2309	2503	
The 683th bicluster:
	row_pattern:	10	11	193	354	408	453	457	
	col_pattern:	212	1568	1287	1350	
The 684th bicluster:
	row_pattern:	353	355	356	443	553	
	col_pattern:	180	181	141	169	
The 685th bicluster:
	row_pattern:	378	599	600	601	602	603	604	605	606	616	626	
	col_pattern:	27	30	26	4609	
