The 1th bicluster:
	row_pattern:	14	504	221	505	506	507	508	
	col_pattern:	43	91	94	99	150	199	387	433	579	688	742	781	793	821	834	879	911	918	929	988	998	1040	1080	1124	1132	1164	1170	1179	1195	1503	1546	1553	1561	1654	1682	1759	1770	1780	1814	1825	1851	1864	1959	1997	2053	2085	2088	2107	2121	2163	2173	2252	2263	2286	2315	2327	2393	2436	2515	2531	2532	2642	2664	2682	2712	2858	2942	2973	3002	3048	3081	3121	3189	3219	3232	3241	3256	3331	3365	3396	3412	3453	3529	3618	3626	3636	3657	3745	3757	3778	3779	3830	3841	3882	3903	3925	3926	3930	3967	3998	4022	4068	4074	4151	4153	4165	4259	4349	4368	4375	4402	4423	4434	4480	4490	4493	4494	4570	4594	4595	4615	4637	4654	4789	4793	4844	4864	4899	4949	4950	5040	5049	5050	5055	5082	5130	5161	5162	5177	5206	5313	5321	5351	5526	5533	5555	5633	5634	5685	5686	5694	5719	5733	5735	5770	5848	5889	5921	6049	6132	6146	6171	6183	6205	6236	6279	6322	6360	6408	6417	6425	6450	6457	6531	6553	6625	6628	6686	6698	6749	6754	6755	6796	6817	6819	6866	6872	6954	6960	7004	7048	7067	7073	7084	7085	7198	7242	7267	7300	7350	7389	7517	7527	7555	7681	7695	7704	7745	7810	7816	7826	7931	7940	7996	8018	8025	8064	8136	8140	8164	8165	8251	8300	8445	8453	8469	8472	8492	8578	8621	8638	8765	8830	8838	8840	8850	8904	8910	8927	8958	9042	9049	9058	9059	9079	9087	9095	9109	9142	9143	9184	9187	9192	9239	9370	9401	9451	9474	9475	9610	9790	9834	9908	9929	9955	10013	10161	10193	10199	10289	10347	10355	10370	10426	10448	10459	10487	10488	10667	10673	10697	10732	10754	10805	10835	10966	10974	11005	11059	11097	11134	11246	11282	11338	11347	11413	11455	11498	11560	11600	11601	11623	11680	11691	11733	11753	11824	11844	11911	11973	11997	12028	12075	12086	12169	12277	12278	12321	12340	12356	12357	12393	12412	12422	12431	12531	12537	12748	12767	12816	12827	12846	12853	12856	12883	12939	13010	
The 2th bicluster:
	row_pattern:	15	568	16	71	365	
	col_pattern:	87	199	284	304	314	366	404	445	494	495	575	578	579	615	662	663	687	701	707	737	756	780	792	795	817	831	1042	1058	1059	1150	1176	1272	1292	1315	1317	1318	1346	1382	1402	1427	1522	1566	1607	1608	1637	1661	1704	1709	1762	1834	1864	1867	1909	1997	2073	2074	2124	2145	2182	2209	2240	2271	2326	2344	2462	2476	2577	2607	2618	2721	2839	2928	3015	3027	3079	3116	3180	3182	3185	3248	3257	3275	3276	3346	3388	3437	3477	3501	3554	3622	3637	3645	3676	3698	3736	3824	3827	3829	3885	3905	3939	4300	4315	4323	4332	4389	4415	4487	4525	4541	4567	4576	4594	4595	4623	4706	4725	4735	4779	4908	4911	4956	5123	5151	5164	5198	5214	5298	5388	5402	5448	5450	5525	5595	5612	5644	5645	5671	5727	5766	5869	5990	6014	6121	6162	6224	6384	6458	6460	6605	6641	6688	6729	6868	6916	6926	6941	6973	7036	7176	7229	7306	7340	7387	7534	7536	7576	7604	7623	7630	7688	7769	7813	7817	7902	7911	7934	7953	7978	8034	8068	8211	8226	8227	8279	8352	8360	8361	8365	8440	8452	8456	8489	8524	8568	8624	8660	8707	8732	8746	8770	8833	8939	8949	8980	8995	8998	9116	9152	9169	9184	9204	9235	9236	9374	9375	9407	9408	9587	9599	9619	9727	9804	9939	9978	10013	10196	10450	10604	10631	10693	10707	10778	10792	10793	10811	10818	10855	11007	11228	11371	11376	11428	11517	11530	11571	11591	11625	11649	11653	11671	11697	11737	11755	11834	11883	11920	11922	11928	11961	12043	12072	12089	12137	12148	12173	12256	12323	12339	12459	12474	12483	12484	12509	12544	12601	12631	12661	12668	12677	12691	12695	12713	12811	12883	12987	13034	
The 3th bicluster:
	row_pattern:	16	205	71	568	
	col_pattern:	87	199	284	304	314	366	374	404	445	494	495	575	578	579	615	687	701	737	756	780	792	795	817	831	1042	1058	1059	1150	1176	1272	1292	1315	1317	1318	1346	1382	1402	1427	1522	1566	1607	1608	1637	1661	1704	1709	1762	1864	1867	1909	1997	2073	2074	2124	2145	2182	2209	2240	2271	2326	2344	2462	2476	2487	2577	2607	2618	2721	2839	2928	3015	3027	3079	3116	3171	3180	3182	3185	3257	3275	3276	3388	3437	3477	3501	3554	3645	3676	3698	3736	3824	3827	3829	3905	3939	4315	4323	4332	4389	4415	4487	4525	4541	4567	4576	4594	4595	4706	4725	4735	4779	4908	4911	4956	5123	5151	5164	5214	5388	5402	5448	5450	5525	5595	5612	5644	5645	5727	5766	5869	5990	6014	6121	6162	6169	6224	6384	6400	6458	6460	6605	6641	6688	6804	6868	6916	6926	6941	6973	7036	7176	7229	7306	7340	7387	7534	7576	7604	7623	7630	7688	7769	7813	7817	7902	7911	7934	7953	7978	8034	8068	8211	8226	8227	8279	8352	8360	8361	8365	8440	8452	8489	8524	8568	8660	8707	8732	8746	8770	8833	8949	8980	8998	9116	9152	9169	9204	9235	9236	9374	9375	9407	9408	9526	9587	9599	9619	9727	9749	9750	9804	9939	9978	10196	10450	10604	10631	10693	10707	10778	10792	10793	10811	10818	10855	11007	11228	11371	11376	11428	11517	11530	11571	11591	11625	11649	11653	11671	11697	11737	11755	11834	11883	11928	11930	11961	12043	12072	12089	12137	12173	12256	12323	12339	12363	12459	12474	12483	12484	12509	12544	12601	12631	12661	12668	12677	12691	12695	12713	12811	12883	12987	13025	13034	
The 4th bicluster:
	row_pattern:	14	468	221	506	
	col_pattern:	43	91	94	99	199	433	579	688	742	781	821	879	929	988	1040	1080	1124	1132	1170	1179	1195	1503	1553	1654	1759	1814	1997	2053	2085	2107	2121	2163	2173	2252	2263	2327	2393	2436	2532	2682	2858	2942	2973	3002	3081	3121	3219	3232	3256	3529	3618	3626	3745	3830	3841	3882	3903	3926	3998	4022	4068	4074	4151	4153	4165	4259	4349	4368	4402	4423	4434	4480	4490	4493	4494	4570	4594	4615	4637	4789	4844	4864	4899	4949	4950	5049	5050	5082	5130	5161	5162	5206	5321	5533	5633	5634	5685	5686	5694	5733	5735	5770	5848	5889	6049	6183	6205	6279	6322	6360	6425	6450	6457	6531	6553	6625	6686	6698	6755	6796	6866	6872	7004	7048	7073	7198	7267	7350	7681	7695	7704	7816	7826	7931	7940	7996	8018	8025	8064	8136	8140	8164	8165	8251	8300	8445	8469	8472	8578	8830	8838	8840	8850	8904	8910	8927	8958	9042	9049	9079	9087	9095	9143	9187	9239	9451	9610	9790	9834	9908	9929	10013	10347	10355	10448	10459	10487	10488	10610	10667	10673	10732	10754	10966	10974	11005	11134	11246	11338	11347	11413	11455	11498	11600	11623	11680	11691	11753	11824	11911	11973	11997	12075	12086	12169	12277	12278	12321	12356	12357	12393	12412	12531	12537	12767	12846	12853	12856	13010	
The 5th bicluster:
	row_pattern:	14	455	221	468	504	505	506	507	508	
	col_pattern:	43	91	94	99	199	433	579	688	742	781	821	879	929	988	1040	1080	1124	1132	1170	1179	1195	1503	1553	1654	1759	1814	1997	2053	2085	2107	2121	2163	2173	2252	2263	2327	2393	2436	2532	2682	2858	2942	2973	3002	3081	3121	3219	3232	3256	3529	3618	3626	3745	3830	3841	3882	3903	3926	3998	4022	4068	4074	4151	4153	4165	4259	4349	4368	4402	4423	4434	4480	4490	4493	4494	4570	4594	4615	4637	4789	4844	4864	4899	4949	4950	5049	5050	5082	5130	5161	5162	5206	5321	5533	5633	5634	5685	5686	5694	5733	5735	5770	5848	5889	6049	6183	6205	6279	6322	6360	6425	6450	6457	6531	6553	6625	6686	6698	6755	6796	6866	6872	7004	7048	7073	7198	7267	7350	7681	7695	7704	7816	7826	7931	7940	7996	8018	8025	8064	8136	8140	8164	8165	8251	8300	8445	8469	8472	8578	8830	8838	8840	8850	8904	8910	8927	8958	9042	9049	9079	9087	9095	9143	9187	9239	9451	9610	9790	9834	9908	9929	10013	10347	10355	10448	10459	10487	10488	10667	10673	10732	10754	10966	10974	11005	11134	11246	11338	11347	11413	11455	11498	11600	11623	11680	11691	11753	11824	11911	11973	11997	12075	12086	12169	12277	12278	12321	12356	12357	12393	12412	12531	12537	12767	12846	12853	12856	13010	
The 6th bicluster:
	row_pattern:	14	20	221	504	505	506	507	508	
	col_pattern:	99	199	387	688	742	821	834	879	918	929	988	998	1040	1080	1124	1132	1164	1195	1503	1546	1553	1654	1759	1780	1825	1851	1997	2053	2085	2088	2107	2163	2173	2252	2327	2393	2436	2515	2532	2642	2682	2712	2858	2973	3002	3048	3081	3121	3189	3219	3232	3241	3331	3365	3412	3529	3626	3636	3657	3778	3841	3882	3903	3925	3998	4068	4074	4151	4153	4165	4349	4368	4375	4480	4490	4493	4494	4570	4595	4615	4637	4654	4789	4844	4864	4899	4949	5049	5050	5130	5161	5162	5177	5313	5321	5351	5533	5686	5694	5735	5770	5848	5921	6171	6183	6205	6279	6360	6425	6450	6457	6531	6553	6625	6698	6749	6754	6755	6796	6819	6872	6954	6960	7067	7073	7084	7085	7242	7300	7517	7527	7555	7681	7704	7810	7816	7931	7996	8064	8164	8165	8445	8453	8469	8472	8578	8621	8638	8765	8830	8904	9049	9059	9087	9095	9109	9142	9184	9192	9370	9401	9451	9474	9475	9790	9834	9908	9929	9955	10013	10199	10289	10355	10370	10448	10667	10673	10697	10805	10835	10974	11005	11059	11134	11246	11282	11338	11455	11498	11623	11680	11691	11753	11824	11844	11911	11973	11997	12028	12075	12086	12169	12277	12278	12356	12357	12422	12431	12531	12537	12767	12816	12827	12846	12856	12883	13010	
The 7th bicluster:
	row_pattern:	71	364	16	568	
	col_pattern:	87	279	314	366	445	542	575	579	615	701	707	756	780	792	795	809	817	1059	1132	1272	1292	1295	1315	1317	1346	1566	1607	1608	1637	1661	1729	1762	1909	1997	2073	2074	2124	2145	2182	2209	2240	2271	2462	2476	2607	3015	3171	3180	3182	3185	3388	3501	3554	3645	3676	3698	3824	3827	3829	3905	3939	4300	4389	4415	4487	4541	4594	4595	4623	4690	4706	4725	4735	4779	4911	5123	5164	5198	5388	5448	5450	5644	5645	5727	5843	5869	5958	5990	6121	6162	6169	6224	6458	6605	6641	6688	6697	6868	6973	7229	7306	7340	7387	7534	7576	7604	7688	7769	7911	7934	7953	8034	8068	8161	8226	8227	8233	8352	8360	8361	8440	8452	8489	8524	8568	8732	8746	8751	8833	8949	8980	8998	9152	9204	9235	9236	9375	9407	9408	9507	9587	9599	10196	10631	10707	10793	11338	11350	11371	11530	11571	11653	11697	11737	11834	11883	11922	11928	11930	11961	12043	12061	12173	12256	12323	12363	12459	12474	12483	12484	12509	12631	12668	12677	12713	13034	
The 8th bicluster:
	row_pattern:	389	449	451	461	
	col_pattern:	8	34	42	45	61	109	110	128	160	225	273	357	422	429	449	808	864	934	948	966	989	1083	1172	1177	1202	1218	1227	1275	1464	1491	1708	1860	1901	1927	1952	2032	2248	2271	2295	2425	2434	2509	2553	2573	2687	2706	2753	2790	2830	2832	2858	2860	2898	2919	2987	3006	3034	3072	3125	3144	3164	3219	3252	3279	3459	3510	3566	3580	3591	3708	3841	3854	3933	3966	3998	4095	4131	4183	4213	4360	4367	4977	5016	5062	5097	5139	5143	5662	5906	6187	6216	6323	6378	6416	6461	6498	6521	6588	6658	6661	6761	6930	6932	7023	7060	7082	7083	7111	7157	7207	7236	7247	7293	7331	7439	7453	7506	7578	7625	7643	7760	7815	7849	8109	8148	8212	8355	8362	8392	8496	8545	8930	8944	9057	9064	9105	9145	9304	9386	9459	9567	9688	9712	9776	9904	9945	9998	10014	10171	10286	10290	10460	10510	10546	10627	10699	10834	10857	10969	11109	11140	11192	11267	11270	11727	11884	11997	12411	12556	12738	12889	12947	13061	
The 9th bicluster:
	row_pattern:	256	389	449	451	461	
	col_pattern:	8	34	42	45	61	109	110	128	160	225	273	357	422	429	449	808	864	934	948	966	989	1083	1172	1177	1202	1218	1227	1275	1464	1491	1708	1860	1901	1927	1952	2032	2248	2271	2295	2425	2434	2509	2553	2573	2687	2706	2753	2790	2830	2832	2858	2860	2898	2919	2987	3006	3034	3072	3125	3144	3164	3219	3252	3279	3459	3510	3566	3580	3591	3708	3841	3854	3933	3966	3998	4095	4131	4183	4213	4360	4367	4977	5016	5062	5097	5139	5143	5662	5906	6187	6216	6323	6378	6416	6461	6498	6521	6588	6658	6661	6761	6930	6932	7023	7060	7082	7083	7111	7157	7207	7236	7247	7293	7331	7439	7453	7506	7578	7625	7643	7760	7815	7849	8109	8148	8212	8355	8362	8392	8496	8545	8930	8944	9057	9064	9105	9145	9304	9386	9459	9567	9688	9712	9776	9904	9945	9998	10014	10171	10286	10290	10460	10510	10546	10627	10699	10834	10969	11109	11140	11192	11267	11270	11727	11884	11997	12411	12738	12889	12947	13061	
The 10th bicluster:
	row_pattern:	10	453	11	354	
	col_pattern:	124	212	226	410	517	578	591	600	602	620	635	639	651	808	830	864	1022	1064	1203	1287	1289	1350	1368	1544	1568	1653	1677	1729	1918	2020	2035	2095	2229	2266	2272	2327	2357	2409	2547	2581	2870	2871	2938	2978	3050	3093	3153	3208	3229	3369	3418	3513	3596	3792	3869	4007	4024	4119	4358	4365	4376	4404	4517	4522	4552	4577	4619	4623	4649	4674	4708	4720	4874	4883	4884	4936	5060	5063	5155	5191	5224	5308	5532	5561	5569	5644	5645	5679	5691	5744	5814	5971	5984	6072	6133	6182	6195	6228	6276	6286	6441	6570	6713	7005	7266	7381	7410	7564	7712	7727	7738	7784	7787	7821	7835	7841	7933	7969	8010	8017	8436	8583	8584	8627	8652	8798	8820	8976	9051	9348	9381	9547	9568	9611	9715	9973	10070	10210	10243	10335	10413	10448	10787	10993	11062	11322	11350	11356	11485	11668	11804	11917	11930	11955	11975	11984	12007	12008	12547	12593	12618	12641	12691	12693	12706	12763	12843	12855	12936	13028	
The 11th bicluster:
	row_pattern:	10	193	11	354	
	col_pattern:	69	124	212	226	410	517	578	591	600	602	620	635	639	651	808	830	864	1022	1064	1203	1207	1287	1289	1350	1368	1544	1568	1653	1677	1729	1918	2020	2035	2095	2272	2306	2327	2409	2547	2572	2581	2870	2871	2938	2954	2978	3050	3093	3153	3208	3369	3410	3418	3513	3596	3636	3792	3869	4119	4358	4365	4376	4404	4517	4522	4552	4577	4619	4623	4649	4674	4708	4720	4874	4883	4884	4936	5028	5060	5063	5155	5191	5224	5532	5561	5569	5644	5645	5679	5691	5744	5814	5971	5984	6072	6182	6195	6228	6276	6286	6441	6570	6713	6816	7005	7164	7266	7410	7564	7712	7727	7738	7784	7787	7821	7836	7841	7933	7969	8010	8017	8436	8583	8584	8614	8627	8652	8798	8820	8976	9051	9348	9381	9547	9568	9715	9973	10070	10210	10243	10335	10413	10448	10787	10993	11062	11322	11350	11356	11485	11668	11804	11917	11930	11955	11975	11984	12007	12008	12618	12641	12691	12693	12706	12763	12843	12855	12936	13028	
The 12th bicluster:
	row_pattern:	10	408	11	354	457	
	col_pattern:	124	212	226	410	517	578	591	600	602	620	635	639	651	808	830	864	1022	1064	1203	1287	1289	1350	1544	1568	1653	1677	1729	1918	2020	2035	2095	2229	2266	2272	2327	2357	2409	2547	2870	2871	2938	2978	3050	3153	3208	3229	3369	3410	3418	3513	3596	3636	3792	3869	4007	4024	4119	4358	4365	4376	4404	4517	4522	4552	4577	4619	4623	4649	4674	4708	4720	4874	4883	4884	4936	5060	5063	5155	5191	5224	5532	5561	5569	5644	5645	5679	5691	5744	5814	5984	6133	6182	6195	6228	6276	6286	6441	6570	6713	6816	7005	7164	7266	7381	7410	7564	7712	7727	7784	7787	7821	7835	7836	7841	7933	7969	8010	8017	8436	8614	8627	8652	8798	8820	8976	9051	9348	9381	9547	9568	9973	10070	10210	10243	10448	10787	10993	11062	11322	11350	11356	11668	11804	11917	11930	11955	11975	11984	12008	12547	12593	12618	12641	12691	12706	12763	12843	12855	12936	13028	
The 13th bicluster:
	row_pattern:	0	1	2	222	330	332	333	
	col_pattern:	121	255	324	821	826	918	963	1061	1364	1415	1465	1487	1719	1875	2085	2126	2137	2158	2173	2195	2278	2301	2302	2309	2360	2372	2503	2769	2792	2853	3223	3224	3417	3453	3457	3520	3781	3789	3925	3930	3967	4151	4164	4180	4474	4493	4494	4664	5049	5050	5100	5161	5162	5235	5403	5533	5553	5633	5634	5694	5703	5768	5770	5875	5961	5992	6215	6237	6241	6299	6450	6553	6564	6565	6573	6627	6628	6631	6698	6796	6856	6955	7073	7198	7300	7375	7522	7655	7677	7704	7996	8063	8164	8165	8448	8453	8488	8566	8646	8794	8830	8904	9049	9059	9095	9184	9192	9719	9720	9790	9834	9864	9898	9929	9962	10193	10254	10307	10426	10448	10667	10673	10704	10725	10780	11075	11080	11134	11246	11455	11564	11589	11824	11922	11976	11988	12026	12028	12086	12134	12169	12252	12810	12856	12975	12999	13009	
The 14th bicluster:
	row_pattern:	14	178	221	504	505	506	507	508	
	col_pattern:	99	433	821	918	929	988	1124	1132	1164	1503	1546	1553	1654	1759	1780	1814	1851	1959	1997	2085	2088	2173	2436	2682	2858	2973	3002	3232	3331	3626	3745	3925	3998	4074	4151	4349	4368	4493	4494	4570	4615	4789	4864	4899	4949	5049	5050	5130	5161	5162	5313	5321	5533	5633	5634	5686	5694	5735	5770	5848	6183	6279	6425	6450	6553	6628	6698	6749	6754	6755	6796	6819	6872	6954	7067	7073	7242	7300	7555	7681	7816	7996	8064	8164	8165	8445	8453	8472	8765	8830	8904	9049	9058	9059	9087	9095	9109	9184	9192	9370	9451	9474	9790	9834	9908	9929	9955	10347	10370	10448	10667	10673	10697	10805	10835	10966	11005	11134	11246	11338	11413	11455	11623	11824	11844	11911	12028	12086	12169	12357	12422	12531	12846	12856	12883	13010	
The 15th bicluster:
	row_pattern:	82	453	408	457	
	col_pattern:	124	212	226	357	410	517	578	591	602	620	639	651	808	830	864	1022	1064	1203	1287	1289	1350	1729	1918	2020	2035	2095	2272	2327	2409	2416	2418	2547	2870	2871	2938	2978	3153	3229	3342	3369	3418	3513	3596	3792	3869	4119	4404	4517	4522	4552	4623	4649	4708	4883	4884	5060	5063	5155	5224	5532	5569	5644	5645	5679	5691	5744	5814	5984	6182	6195	6228	6276	6286	6441	7266	7381	7410	7564	7712	7727	7787	7841	7933	7969	8010	8017	8550	8627	8652	8820	8849	8976	9051	9381	9470	9479	9547	9973	10070	10210	10448	10787	10993	11062	11322	11356	11804	11917	11930	11955	11975	11984	12008	12124	12371	12593	12618	12641	12691	12706	12763	12843	12855	12936	13028	
The 16th bicluster:
	row_pattern:	11	82	10	354	408	457	
	col_pattern:	124	212	226	410	517	578	591	602	620	639	651	808	830	864	1022	1064	1203	1287	1289	1350	1729	1918	2020	2035	2095	2272	2327	2409	2547	2870	2871	2938	2978	3153	3229	3369	3418	3513	3596	3792	3869	4119	4404	4517	4522	4552	4623	4649	4708	4883	4884	5060	5063	5155	5224	5532	5569	5644	5645	5679	5691	5744	5814	5984	6182	6195	6228	6276	6286	6441	6816	7266	7381	7410	7564	7712	7727	7787	7836	7841	7933	7969	8010	8017	8627	8652	8820	8976	9051	9381	9547	9973	10070	10210	10448	10787	10993	11062	11322	11356	11804	11917	11930	11955	11975	11984	12008	12593	12618	12641	12691	12706	12763	12843	12855	12936	13028	
The 17th bicluster:
	row_pattern:	352	353	355	356	
	col_pattern:	32	397	493	606	610	634	641	644	688	709	720	721	770	877	918	931	1074	1105	1277	1287	1318	1350	1485	1579	1891	1943	2135	2142	2190	2389	2396	2411	2427	2438	2488	2568	2638	2740	2756	2831	2928	3057	3070	3110	3164	3174	3187	3279	3291	3480	3581	3629	3649	3673	3692	3942	4107	4564	4873	5070	5073	5452	5473	5698	6051	6207	6350	6464	6552	6583	6590	6597	6695	6809	6950	6952	7210	7241	7410	7420	7668	7685	7945	8009	8425	8453	8564	8782	8833	8864	9204	9251	9309	9754	10357	10674	10941	10953	11134	11209	11257	11279	11460	11544	11782	11902	11903	11942	12000	12072	12077	12161	12270	12557	
The 18th bicluster:
	row_pattern:	472	473	489	490	
	col_pattern:	197	213	494	497	661	775	789	935	980	1097	1175	1182	1204	1350	1436	1564	1586	1587	1606	1683	1749	1918	1920	2068	2075	2143	2149	2259	2261	2467	2671	2775	2823	2863	2865	2895	2896	3036	3120	3231	3309	3551	3769	3803	3962	3971	4017	4083	4322	4413	4430	4443	4490	4520	4558	5014	5021	5107	5233	5359	5471	5642	5764	5872	6209	6218	6304	6306	6636	6784	6852	6961	7410	7496	7678	8263	8267	8480	8503	8641	8642	8805	8957	8960	9103	9204	9230	9427	9479	9708	9756	9797	9920	9982	9994	10118	10394	10420	10760	11163	11187	11338	11567	11602	11662	11663	11717	11718	12100	12547	12700	12931	13047	
The 19th bicluster:
	row_pattern:	83	408	84	457	
	col_pattern:	124	226	357	410	517	578	591	602	620	651	808	830	864	1022	1203	1287	1289	1350	1918	2020	2035	2095	2272	2327	2409	2416	2418	2547	2938	2978	3153	3342	3369	3418	3513	3596	3792	3869	4311	4358	4376	4404	4517	4522	4552	4623	4708	4883	4884	5060	5063	5155	5224	5532	5569	5644	5645	5691	5814	5984	6182	6195	6276	6286	6441	6816	7266	7381	7410	7712	7727	7787	7836	7933	7969	8010	8017	8550	8652	8820	8849	8976	9051	9381	9470	9973	10070	10210	10787	10993	11062	11322	11804	11917	11930	11955	11975	11984	12008	12124	12593	12618	12628	12641	12691	12706	12763	12843	12855	13028	
The 20th bicluster:
	row_pattern:	249	396	397	462	482	491	542	
	col_pattern:	298	546	780	951	981	1148	1167	1310	1383	1408	1629	1673	1690	1705	1728	1781	1871	1886	1948	1988	2172	2589	2690	2796	2800	2992	3006	3140	3184	3212	3220	3291	3338	3541	3792	3796	3797	3844	4075	4099	4100	4297	4327	4465	4481	4587	4715	4798	4846	5157	5263	5284	5563	5833	5945	5990	6091	6603	6641	6798	7009	7304	7345	7614	8089	8228	8496	8644	8689	8968	9193	9210	9281	9285	9329	9375	9475	9754	10333	10338	10394	10545	10560	10753	10779	10792	10856	10895	10917	11044	11081	11122	11356	11440	11564	11614	11634	11663	11712	12120	12254	12408	12456	12481	12484	12509	12635	12670	12784	
The 21th bicluster:
	row_pattern:	14	331	221	334	335	504	505	506	507	508	
	col_pattern:	91	99	199	433	579	781	821	911	929	988	1132	1170	1503	1759	1814	1997	2085	2088	2173	2252	2327	2973	3232	3745	3926	3930	3967	3998	4151	4349	4402	4493	4494	4615	4844	4864	5049	5050	5161	5162	5321	5533	5633	5634	5694	5735	5770	6205	6322	6360	6450	6553	6628	6686	6698	6755	6796	7048	7067	7073	7267	7816	7996	8064	8164	8165	8300	8472	8830	8840	8850	8904	8927	8958	9049	9058	9059	9095	9109	9184	9187	9192	9239	9451	9790	9834	9908	9929	10347	10448	10966	11005	11134	11246	11413	11455	11623	11824	11911	12028	12086	12169	12340	12357	12531	12846	12856	
The 22th bicluster:
	row_pattern:	178	331	334	335	
	col_pattern:	99	433	812	821	929	988	1132	1426	1503	1759	1777	1778	1814	1997	2085	2088	2137	2173	2738	2878	2973	3232	3745	3789	3819	3998	4151	4349	4493	4494	4615	4864	5018	5049	5050	5161	5162	5166	5263	5303	5321	5478	5533	5633	5634	5694	5735	5770	5875	6241	6450	6553	6628	6698	6755	6796	6856	6955	7067	7073	7348	7816	7893	7996	8064	8164	8165	8457	8472	8566	8830	8904	9049	9058	9059	9095	9109	9184	9192	9451	9790	9834	9864	9908	9929	10347	10448	10966	11005	11080	11134	11246	11413	11455	11623	11824	11911	12028	12086	12169	12357	12531	12782	12846	12856	12975	
The 23th bicluster:
	row_pattern:	83	453	84	408	457	
	col_pattern:	124	226	357	410	517	578	591	602	620	651	808	830	864	1022	1203	1287	1289	1350	1918	2020	2035	2095	2272	2327	2409	2416	2418	2547	2938	2978	3153	3342	3369	3418	3513	3596	3792	3869	4358	4376	4404	4517	4522	4552	4623	4708	4883	4884	5060	5063	5155	5224	5532	5569	5644	5645	5691	5814	5984	6182	6195	6276	6286	6441	7266	7381	7410	7712	7727	7787	7933	7969	8010	8017	8550	8652	8820	8849	8976	9051	9381	9470	9973	10070	10210	10787	10993	11062	11322	11804	11917	11930	11955	11975	11984	12008	12124	12593	12618	12641	12691	12706	12763	12843	12855	13028	
The 24th bicluster:
	row_pattern:	25	513	514	515	516	517	518	519	
	col_pattern:	112	467	694	708	734	811	1132	1408	1528	1795	1865	1990	2023	2120	2207	2446	2501	2513	2545	2610	2691	2897	2934	3023	3103	3157	3170	3320	3334	3472	3524	3571	3602	3622	3637	3647	3851	3942	3961	4157	4245	4337	4717	4718	4780	5179	5385	5696	5876	5938	6116	6552	6689	6937	6970	7021	7223	7238	7352	7360	7573	7588	7639	8032	8053	8180	8275	8369	8370	8518	8596	8634	8739	8986	9165	9203	9297	9545	9590	9604	9750	9789	10177	10657	10731	10798	10926	11003	11419	11435	11622	11675	11864	11921	12019	12301	12361	12401	12436	12506	12690	12829	12869	
The 25th bicluster:
	row_pattern:	10	83	11	84	354	408	457	
	col_pattern:	124	226	410	517	578	591	602	620	651	808	830	864	1022	1203	1287	1289	1350	1918	2020	2035	2095	2272	2327	2409	2547	2938	2978	3153	3369	3418	3513	3596	3792	3869	4358	4376	4404	4517	4522	4552	4623	4708	4883	4884	5060	5063	5155	5224	5532	5569	5644	5645	5691	5814	5984	6182	6195	6276	6286	6441	6816	7266	7381	7410	7712	7727	7787	7836	7933	7969	8010	8017	8652	8820	8976	9051	9381	9973	10070	10210	10787	10993	11062	11322	11804	11917	11930	11955	11975	11984	12008	12593	12618	12641	12691	12706	12763	12843	12855	13028	
The 26th bicluster:
	row_pattern:	446	465	480	503	
	col_pattern:	16	322	510	656	699	710	745	980	1695	1715	1866	2093	2910	3015	3148	3158	3185	3318	3371	3382	3538	3828	3858	3891	4045	4302	4343	4377	4418	4558	4583	4604	5020	5032	5633	5745	6006	6010	6097	6516	6650	6663	6664	6670	6758	6850	7127	7232	7261	7347	7431	7638	7997	8045	8046	8318	8344	8362	8518	8565	8652	8730	8918	9087	9209	9210	9374	10093	10126	10144	10208	10244	10298	10324	10484	10521	11216	11236	11244	11317	11491	11805	11864	11879	11924	12121	12210	12323	12343	12369	12428	12474	12530	12761	12980	13051	
The 27th bicluster:
	row_pattern:	538	539	540	541	
	col_pattern:	64	81	219	306	546	596	617	632	680	852	1503	1558	1791	1848	1896	2295	2553	2661	2735	2756	2776	2911	3007	3460	3543	4334	4375	4384	4433	4535	4612	4617	4618	4622	4953	4988	5067	5098	5179	5241	5265	5361	5397	5650	5675	5894	5953	5992	6169	6366	6493	6509	6539	6566	6752	6832	6888	6915	6987	7125	7248	7317	7357	7431	7537	7555	7638	8145	8175	8423	8448	8692	8715	8743	8994	9022	9280	9299	9595	9701	9859	10023	10388	10464	10685	10713	10776	10911	11369	11655	11680	11933	12264	12946	12951	
The 28th bicluster:
	row_pattern:	331	455	334	335	468	
	col_pattern:	91	99	199	433	579	781	821	929	988	1132	1170	1503	1759	1814	1997	2085	2173	2252	2327	2973	3232	3745	3926	3998	4151	4349	4402	4493	4494	4615	4844	4864	5049	5050	5161	5162	5321	5533	5633	5634	5694	5735	5770	6205	6322	6360	6450	6553	6686	6698	6755	6796	7048	7073	7267	7816	7996	8064	8164	8165	8300	8472	8566	8830	8840	8850	8904	8927	8958	9049	9095	9187	9239	9451	9790	9834	9908	9929	10347	10448	10966	11005	11134	11246	11413	11455	11623	11824	11911	12086	12169	12357	12531	12846	12856	
The 29th bicluster:
	row_pattern:	25	228	229	230	513	514	515	516	517	518	519	
	col_pattern:	467	694	708	734	811	1132	1408	1528	1795	1865	1990	2120	2207	2446	2501	2513	2545	2610	2691	2897	2934	3023	3103	3157	3170	3320	3334	3472	3524	3571	3602	3622	3637	3647	3851	3942	3961	4157	4245	4337	4717	4718	4780	5179	5385	5876	5938	6116	6552	6937	7021	7223	7238	7352	7360	7573	7588	7639	8032	8053	8180	8275	8369	8370	8518	8596	8634	8739	8986	9203	9297	9545	9590	9604	9750	9789	10177	10657	10731	10798	10926	11003	11419	11435	11675	11864	11921	12019	12301	12361	12436	12506	12690	12829	12869	
The 30th bicluster:
	row_pattern:	483	484	493	494	
	col_pattern:	10	66	127	248	257	297	322	1697	1715	1726	1866	2198	2578	2910	2983	3015	3158	3185	3281	3356	3479	3582	3699	3771	3828	3850	3856	3858	4058	4474	4558	4604	4850	5143	5211	5219	5335	5358	5685	5745	5799	5918	6012	6484	6497	6610	6622	6631	6650	6825	6856	7232	7261	7313	7331	7334	7431	7638	7997	8103	8344	8448	9209	9210	9222	9374	9826	9846	9885	10126	10154	10175	10213	10298	10592	10669	11216	11236	11805	12072	12195	12210	12280	12305	12428	12530	12590	12761	13051	
The 31th bicluster:
	row_pattern:	495	496	497	498	
	col_pattern:	506	1361	1367	1834	1964	2014	2124	2127	2128	2209	2454	2491	2525	2587	2844	2857	2879	2950	3092	3288	3595	3640	3649	3673	3728	3855	4188	4229	4536	4745	5777	5781	5791	6004	6023	6077	6114	6246	6291	6317	6825	7015	7026	7538	8107	8108	8145	8338	8384	8404	8526	8764	8903	8923	9003	9132	9157	9171	9518	9562	9709	9726	9844	9887	9914	9976	10053	10066	10126	10254	10341	10648	10657	10914	10920	11039	11285	11325	11475	11618	11750	11891	12403	12649	12946	12995	
The 32th bicluster:
	row_pattern:	7	167	8	70	
	col_pattern:	483	486	1325	1405	1428	1479	1629	1898	1929	1937	2041	2110	2284	2300	2707	2801	2835	3059	3060	3163	3365	3376	3377	3425	3719	3766	3978	3985	4045	4325	4431	4546	4708	4815	5067	5265	5365	6082	6323	6341	6439	6505	6601	6602	6614	6691	7262	7513	7889	8038	8353	8483	8506	8534	8675	8796	8897	8916	8934	8956	9255	9377	9464	9477	9526	9527	9675	9931	10050	10078	10226	10317	10397	10505	11338	11350	11410	11518	11522	11741	12223	12494	12497	12739	12747	
The 33th bicluster:
	row_pattern:	7	373	8	26	70	
	col_pattern:	483	486	1325	1405	1428	1479	1629	1898	1929	1937	2041	2110	2284	2300	2626	2707	2801	2835	3059	3060	3163	3365	3376	3377	3766	3978	3985	4045	4325	4431	4546	4708	4815	5067	5265	5365	5769	6323	6341	6439	6601	6602	6614	7262	7513	7787	7889	8038	8353	8483	8506	8534	8675	8796	8897	8916	8934	8956	9255	9377	9464	9477	9526	9527	9675	9931	10050	10078	10226	10317	10397	10505	11338	11350	11410	11483	11518	11522	11741	12223	12494	12497	12739	12747	
The 34th bicluster:
	row_pattern:	0	464	1	2	222	330	332	333	
	col_pattern:	255	821	826	963	1415	1719	1875	2085	2126	2173	2278	2301	2302	2309	2360	2503	3417	3453	3520	3925	3930	3967	4151	4164	4180	4664	5049	5050	5100	5161	5162	5533	5553	5694	5703	5768	5770	5961	6215	6237	6241	6450	6553	6564	6565	6796	7073	7198	7300	7655	7677	8164	8165	8453	8488	8646	8794	9049	9095	9184	9719	9720	9834	9898	9929	9962	10254	10307	10448	10704	10725	11134	11246	11455	11564	11922	11988	12086	12134	12169	12252	12810	13009	
The 35th bicluster:
	row_pattern:	533	534	535	536	537	
	col_pattern:	596	617	632	680	854	930	1503	1666	1848	2553	2756	2892	2911	3207	4018	4032	4183	4334	4375	4384	4433	4612	4617	4618	4622	4808	4953	5080	5099	5125	5179	5221	5241	5270	5361	5397	5510	5527	5553	5992	6169	6254	6366	6509	6566	6752	6771	6832	7431	7537	7638	7700	7857	8062	8084	8175	8249	8423	8525	8539	8743	8756	9022	9133	9139	9280	9325	9466	9765	10776	10797	11145	11160	11369	11566	11570	11723	12029	12030	12073	12264	12946	
The 36th bicluster:
	row_pattern:	26	81	80	373	
	col_pattern:	483	486	1325	1405	1428	1479	1629	1898	1929	1937	2041	2284	2300	2626	2707	2801	2835	3059	3060	3163	3365	3376	3766	3978	3985	4045	4325	4431	4546	4708	4815	5067	5265	5365	5769	6341	6601	6602	6614	7262	7399	7614	7787	7874	7889	8038	8353	8483	8506	8534	8745	8897	8916	8934	8956	9255	9377	9464	9477	9526	9527	9675	9931	10050	10078	10198	10226	10317	10397	10505	10506	11338	11350	11410	11483	11518	11522	11741	12223	12497	12739	12747	
The 37th bicluster:
	row_pattern:	20	331	334	335	
	col_pattern:	99	199	821	929	988	1132	1503	1759	1997	2085	2088	2173	2252	2327	2973	3232	3819	3998	4151	4349	4493	4494	4615	4844	4864	5049	5050	5161	5162	5321	5533	5694	5735	5770	6205	6241	6360	6450	6553	6698	6755	6796	7067	7073	7816	7996	8064	8164	8165	8472	8566	8830	8904	9049	9059	9095	9109	9184	9192	9451	9790	9834	9908	9929	10448	11005	11134	11246	11455	11623	11824	11911	12028	12086	12169	12357	12531	12846	12856	
The 38th bicluster:
	row_pattern:	7	81	8	70	80	
	col_pattern:	483	486	1325	1405	1428	1479	1629	1898	1929	1937	2041	2284	2300	2626	2707	2801	2835	3059	3060	3163	3365	3376	3719	3766	3978	3985	4045	4325	4431	4546	4708	4815	5067	5265	5365	5769	6082	6341	6601	6602	6614	6691	7262	7787	7889	8038	8353	8483	8506	8534	8897	8916	8934	8956	9255	9377	9464	9477	9526	9527	9675	9931	10050	10078	10226	10317	10397	10505	11338	11350	11410	11483	11518	11522	11741	12223	12497	12739	12747	
The 39th bicluster:
	row_pattern:	208	353	355	356	
	col_pattern:	397	493	581	606	610	633	634	644	688	709	720	721	770	773	877	931	1074	1105	1277	1485	1579	1891	1943	2135	2167	2396	2488	2568	2740	3075	3164	3279	3480	4107	4367	4474	5070	5452	5634	5698	5885	6044	6464	6597	6695	6809	7210	7241	7392	7420	7685	7945	8009	8241	8394	8425	8491	8576	8833	8864	9083	9204	9251	9617	10262	10268	10309	10357	10941	11544	11759	11852	11902	11903	12072	12161	12557	12743	
The 40th bicluster:
	row_pattern:	33	533	534	535	536	537	
	col_pattern:	596	617	632	680	854	1503	1666	1848	2553	2756	2892	2911	4018	4032	4183	4334	4375	4384	4433	4612	4617	4618	4622	4953	5080	5099	5125	5179	5221	5241	5270	5361	5397	5510	5527	5553	5992	6169	6254	6366	6509	6566	6752	6832	7431	7537	7638	7700	7857	8062	8084	8175	8249	8423	8525	8539	8756	9022	9133	9139	9325	9466	10776	10797	11369	11566	11570	11723	12029	12030	12073	12264	12946	
The 41th bicluster:
	row_pattern:	0	178	1	2	222	330	332	333	
	col_pattern:	121	821	918	2085	2137	2173	2195	2360	3457	3789	3925	4151	4493	4494	5049	5050	5161	5162	5533	5553	5633	5634	5694	5770	5875	6237	6241	6450	6553	6628	6631	6698	6796	6856	6955	7073	7300	7375	7996	8164	8165	8453	8566	8646	8830	8904	9049	9059	9095	9184	9192	9720	9790	9834	9864	9929	10448	10667	10673	10780	11080	11134	11246	11455	11564	11824	12028	12086	12134	12169	12856	12975	13009	
The 42th bicluster:
	row_pattern:	522	523	524	525	526	
	col_pattern:	633	745	1530	1715	1795	1866	1902	1957	2220	2355	2401	2586	2979	3061	3239	3273	3368	3451	3663	3736	4002	4066	4341	4379	4392	4511	4560	4573	4631	4722	5068	5611	5722	5833	5898	6318	6538	6603	6624	7040	7212	7482	7734	7776	8042	8050	8453	8813	8984	9082	9246	9464	9484	9607	9731	9761	10197	10236	10341	10613	10796	10944	10945	11257	11373	11644	11754	12365	12713	12765	12889	
The 43th bicluster:
	row_pattern:	599	600	601	602	603	604	605	606	
	col_pattern:	26	27	30	116	431	689	914	918	1350	1496	1553	1711	1970	2031	2117	2170	2200	2371	2400	2629	2719	2814	2834	3140	3279	3504	3646	3749	3812	4121	4245	4357	4609	4611	4685	5020	5151	5500	5794	6355	6529	7148	7190	7466	7504	7617	8342	8380	8451	8565	8585	8709	8774	9086	9299	9481	9900	10601	10667	11745	11750	12040	12364	12419	12493	12582	12601	12639	12660	13024	
The 44th bicluster:
	row_pattern:	22	509	339	510	
	col_pattern:	22	31	36	103	559	731	732	733	832	936	1009	1067	1083	1107	1112	1739	1981	2467	2950	2979	3058	3116	3419	3568	4238	4281	4605	4623	4634	5112	5320	5595	5677	5709	6021	6322	6821	7208	7528	7797	7911	8021	8229	8230	8377	8380	8625	8666	8817	8867	8956	9343	9703	9794	9887	9935	9946	10200	10494	10821	10852	10977	11456	11691	11718	11720	12084	12490	12840	12841	
The 45th bicluster:
	row_pattern:	21	239	240	349	528	
	col_pattern:	209	292	1509	2330	2487	2604	2810	2968	3084	3193	3304	3362	3769	4092	4093	5488	5564	5616	5735	6060	6097	6336	6874	6988	7214	7384	7616	7678	8072	8116	8431	8587	8802	8941	8975	9223	9273	9426	9522	9662	9813	9881	9939	9941	9995	10053	10104	10149	10242	10308	10579	10798	10809	11154	11179	11700	11864	11945	12000	12013	12123	12312	12319	
The 46th bicluster:
	row_pattern:	358	360	361	363	
	col_pattern:	276	300	911	940	1048	1268	1298	1381	1423	1451	1703	3090	3327	3441	3774	3813	3814	4238	4492	4557	4591	4598	4623	4655	4858	5602	5922	5937	6002	6018	6052	6391	6821	7396	7401	7930	8539	8814	9343	9413	9887	10200	10494	11233	11451	11646	11691	11720	12023	12099	12256	12261	12371	12425	12431	12434	12840	12841	12925	12998	
The 47th bicluster:
	row_pattern:	331	448	334	335	477	
	col_pattern:	433	1132	2088	2137	2173	3789	4151	4493	4494	5018	5049	5050	5161	5162	5478	5533	5633	5634	5694	5770	5875	6322	6360	6450	6553	6628	6796	6856	6955	7073	7893	7996	8164	8165	8566	8830	8904	9049	9093	9095	9184	9790	9834	9864	9908	10448	10908	11010	11080	11134	11246	11455	11784	12028	12169	12221	12782	12848	12856	12975	
The 48th bicluster:
	row_pattern:	12	358	13	246	360	361	363	
	col_pattern:	276	300	940	1048	1268	1298	1381	1423	1451	1703	3090	3327	3441	3774	3813	3814	4238	4492	4557	4591	4598	4623	4655	4858	5602	5922	5937	6002	6018	6052	6391	6821	7396	7401	7930	8539	8814	9343	9413	9887	10200	10494	11233	11451	11646	11691	11720	12023	12099	12256	12261	12371	12425	12431	12434	12840	12841	12925	12998	
The 49th bicluster:
	row_pattern:	0	448	1	2	222	330	332	333	477	
	col_pattern:	1487	2137	2173	2195	2360	2503	3781	3789	3925	4151	4493	4494	5049	5050	5161	5162	5533	5553	5633	5634	5694	5770	5875	6237	6450	6553	6628	6631	6796	6856	6955	7073	7300	7655	7996	8164	8165	8566	8646	8830	8904	9049	9095	9184	9790	9834	9864	10448	10780	11080	11134	11246	11455	12028	12134	12169	12856	12975	
The 50th bicluster:
	row_pattern:	0	505	1	2	222	330	332	333	
	col_pattern:	821	918	2085	2173	3453	3925	3930	3967	4151	4493	4494	5049	5050	5161	5162	5533	5633	5634	5694	5770	6450	6553	6628	6698	6796	7073	7198	7300	7704	7996	8164	8165	8453	8830	8904	9049	9059	9095	9184	9192	9790	9834	9929	10193	10426	10448	10667	10673	10704	11134	11246	11455	11824	12028	12086	12169	12856	
The 51th bicluster:
	row_pattern:	544	545	546	547	548	
	col_pattern:	823	1964	2014	2491	2525	2844	2857	3407	3649	3673	3728	3855	4245	4536	4743	5012	5711	5712	6004	6077	6114	6261	6292	6317	6689	6891	6970	8108	8903	9322	9425	9461	9562	9726	9844	9914	9976	10053	10148	10383	10657	10893	10914	10920	10978	11325	11475	11676	11750	11864	11891	12403	12464	12649	12995	13014	
The 52th bicluster:
	row_pattern:	0	14	1	2	221	222	330	332	333	504	505	506	507	508	
	col_pattern:	821	918	2085	2173	3453	3925	3930	3967	4151	4493	4494	5049	5050	5161	5162	5533	5633	5634	5694	5770	6450	6553	6628	6698	6796	7073	7198	7300	7704	7996	8164	8165	8453	8830	8904	9049	9059	9095	9184	9192	9790	9834	9929	10193	10426	10448	10667	10673	11134	11246	11455	11824	12028	12086	12169	12856	
The 53th bicluster:
	row_pattern:	0	331	1	2	222	330	332	333	334	335	
	col_pattern:	821	2085	2137	2173	3789	3930	3967	4151	4493	4494	5049	5050	5161	5162	5533	5633	5634	5694	5770	5875	6241	6450	6553	6628	6698	6796	6856	6955	7073	7996	8164	8165	8566	8830	8904	9049	9059	9095	9184	9192	9790	9834	9864	9929	10448	11080	11134	11246	11455	11824	12028	12086	12169	12856	12975	
The 54th bicluster:
	row_pattern:	242	243	244	402	492	
	col_pattern:	1	9	14	614	1166	1274	1568	2718	2749	3167	3191	4013	4181	4272	4487	4790	4820	4899	4915	4916	4925	5030	5071	5302	5663	5683	5733	5873	5898	6145	6802	6897	7021	7276	7277	7706	7783	7793	7851	8389	8778	9199	9450	10379	10734	11122	11123	11824	11888	12055	12075	12251	12525	13027	
The 55th bicluster:
	row_pattern:	223	224	225	226	
	col_pattern:	39	239	1147	1269	1313	1391	1844	1921	2704	2781	2997	3030	3195	3207	3369	3627	3711	3869	3963	4237	4261	4284	5228	5549	5680	5800	5941	6175	6364	6486	7104	7375	7842	7920	7994	8007	8564	8782	8914	9229	9372	9772	9851	9921	10188	10221	10548	10564	11467	11568	11890	12341	12342	12424	
The 56th bicluster:
	row_pattern:	21	27	239	240	349	528	
	col_pattern:	209	292	1509	2330	2487	2604	2968	3084	3193	3304	3362	3769	4092	4093	5488	5564	5616	5735	6060	6097	6336	6874	7384	7616	8072	8431	8587	8802	8941	8975	9223	9273	9426	9522	9662	9813	9881	9939	10053	10104	10149	10242	10308	10579	10798	10809	11154	11179	11700	11864	12000	12013	12123	12319	
The 57th bicluster:
	row_pattern:	465	615	446	480	503	
	col_pattern:	16	510	656	710	1695	1715	1866	2093	2910	3015	3148	3158	3185	3371	3382	3828	3858	4045	4377	4558	5633	6650	6663	6664	7232	7261	7347	7431	7638	7997	8045	8046	8362	8518	8652	8730	9374	10126	10208	10298	10324	11216	11236	11317	11491	11805	11879	11924	12343	12428	12530	12761	13051	
The 58th bicluster:
	row_pattern:	14	448	221	477	504	505	506	507	508	
	col_pattern:	433	1132	1179	1770	2088	2173	2531	3925	4151	4493	4494	4793	5040	5049	5050	5161	5162	5533	5633	5634	5694	5770	6132	6146	6183	6236	6322	6360	6408	6450	6553	6628	6796	7073	7300	7996	8164	8165	8830	8904	9049	9095	9184	9790	9834	9908	10448	11134	11246	11455	12028	12169	12856	
The 59th bicluster:
	row_pattern:	0	20	1	2	222	330	332	333	
	col_pattern:	821	918	2085	2173	2195	3925	4151	4493	4494	5049	5050	5161	5162	5533	5694	5770	6241	6450	6553	6698	6796	7073	7300	7704	7996	8164	8165	8453	8566	8830	8904	9049	9059	9095	9184	9192	9790	9834	9929	10448	10667	10673	11134	11246	11455	11564	11824	12028	12086	12134	12169	12856	
The 60th bicluster:
	row_pattern:	7	621	8	70	
	col_pattern:	483	895	1325	1405	1428	1479	1898	1929	2707	2801	2835	3059	3163	3376	3425	3719	3766	3970	3978	3985	4045	4325	4431	4815	6341	6601	6602	6614	7262	7889	8353	8897	8956	9255	9464	9477	9675	9931	10050	10078	10226	10317	10397	11338	11350	11410	11483	11518	11522	11741	12747	
The 61th bicluster:
	row_pattern:	357	358	360	361	362	363	
	col_pattern:	911	940	1048	1298	1381	1703	3090	3327	3441	3774	3813	3814	4492	4557	4591	4598	4623	4655	4858	5602	5922	5937	6002	6018	6052	6391	6821	7396	7401	7930	8539	8814	9343	9413	9887	10200	10494	11451	11691	11720	12256	12261	12371	12425	12431	12434	12840	12841	12998	
The 62th bicluster:
	row_pattern:	251	325	327	328	
	col_pattern:	224	290	442	493	498	1856	2117	2208	2273	2400	2419	3487	3509	3540	3691	3773	3873	3935	4028	4291	4547	4689	4891	5097	5193	5354	5357	5785	5896	5964	6071	6356	6431	6432	6454	6616	6857	7313	7512	7572	7693	8246	9334	10225	10420	10486	11465	13000	13011	
The 63th bicluster:
	row_pattern:	344	522	523	524	525	526	
	col_pattern:	1530	1715	1795	1866	1902	1957	2355	2401	2979	3239	3273	3368	3451	3663	3736	4066	4341	4379	4392	4511	4560	4573	4631	5068	6318	6538	6603	6624	7040	7212	7734	8042	8453	8813	9246	9607	9731	9761	10236	10613	10796	10944	10945	11373	11644	12365	12713	12889	
The 64th bicluster:
	row_pattern:	21	501	239	240	349	528	
	col_pattern:	209	292	1509	2487	2968	3084	3304	3362	3769	4092	4093	5488	5616	5735	6060	6097	6336	6874	7384	7616	8431	8587	8802	8941	8975	9223	9273	9426	9522	9662	9813	9881	9939	10053	10104	10149	10242	10308	10579	10798	10809	11154	11179	11700	11864	11945	12123	12319	
The 65th bicluster:
	row_pattern:	12	357	13	246	358	360	361	362	363	
	col_pattern:	940	1048	1298	1381	1703	3090	3327	3441	3774	3813	3814	4492	4557	4591	4598	4623	4655	4858	5602	5922	5937	6002	6018	6052	6391	6821	7396	7401	7930	8539	8814	9343	9413	9887	10200	10494	11451	11691	11720	12256	12261	12371	12425	12431	12434	12840	12841	12998	
The 66th bicluster:
	row_pattern:	5	6	231	235	342	520	
	col_pattern:	745	1795	1902	1957	2220	2355	2401	2586	2979	3239	3368	3663	3736	4053	4066	4104	4341	4511	4631	5289	5722	5833	5898	6318	6538	6603	6624	7040	7212	7734	7776	8042	8813	9246	9464	9607	9731	9761	10613	10944	10945	11044	11283	11644	12365	12713	12765	12889	
The 67th bicluster:
	row_pattern:	4	223	224	225	226	512	
	col_pattern:	39	239	1147	1269	1313	1391	1844	1921	2704	2997	3030	3207	3369	3627	3711	3869	3963	4237	4261	4284	5228	5680	6175	6364	6486	7104	7375	7842	7920	7994	8007	8564	8782	8914	9229	9372	9772	9851	9921	10188	10221	11467	11568	11890	12341	12342	12424	
The 68th bicluster:
	row_pattern:	5	232	6	231	233	234	235	342	520	521	
	col_pattern:	745	1795	1902	1957	2220	2355	2401	2586	2979	3239	3368	3663	3736	4066	4341	4511	4631	5289	5722	5833	5898	6318	6538	6603	6624	7040	7212	7734	7776	8042	8813	9246	9464	9607	9731	9761	10613	10944	10945	11044	11283	11644	12365	12713	12765	12889	
The 69th bicluster:
	row_pattern:	21	470	239	240	349	528	
	col_pattern:	209	292	1509	2810	3084	3769	4092	4093	5488	5564	5616	5735	6060	6097	6336	6874	7384	7616	7678	8072	8587	8802	8941	8975	9273	9426	9522	9662	9813	9881	9939	9941	10053	10104	10149	10242	10308	10579	11179	11700	11864	11945	12013	12123	12319	
The 70th bicluster:
	row_pattern:	28	501	27	528	
	col_pattern:	209	292	1509	3027	3077	3084	3710	3769	4092	4093	5488	5616	5735	6060	6097	6336	6874	7384	7616	8054	8587	8802	8941	8975	9273	9426	9522	9662	9813	9881	9939	10053	10149	10242	10308	10579	11154	11179	11700	11864	12037	12123	12319	12568	
The 71th bicluster:
	row_pattern:	6	523	520	521	
	col_pattern:	745	1795	1902	1957	2220	2355	2401	2586	2979	3239	3368	3663	3736	4066	4341	4511	4631	5722	5833	5898	6318	6538	6603	6624	7040	7212	7734	7776	8042	8813	9246	9464	9607	9731	9761	10613	10944	10945	11219	11644	12365	12713	12765	12889	
The 72th bicluster:
	row_pattern:	5	522	6	231	232	233	234	235	342	520	521	523	524	525	526	
	col_pattern:	745	1795	1902	1957	2220	2355	2401	2586	2979	3239	3368	3663	3736	4066	4341	4511	4631	5722	5833	5898	6318	6538	6603	6624	7040	7212	7734	7776	8042	8813	9246	9464	9607	9731	9761	10613	10944	10945	11644	12365	12713	12765	12889	
The 73th bicluster:
	row_pattern:	0	455	1	2	222	330	332	333	468	
	col_pattern:	821	2085	2173	4151	4493	4494	5049	5050	5161	5162	5533	5633	5634	5694	5770	6450	6553	6698	6796	7073	7198	7704	7996	8164	8165	8566	8830	8904	9049	9095	9790	9834	9929	10448	10667	10673	11134	11246	11455	11824	12086	12169	12856	
The 74th bicluster:
	row_pattern:	33	538	539	540	541	
	col_pattern:	596	617	632	680	1503	1848	2553	2735	2756	2911	4334	4375	4384	4433	4612	4617	4618	4622	4953	5179	5241	5361	5397	5992	6169	6366	6509	6539	6566	6752	6832	7431	7537	7638	8175	8423	9022	10776	11369	12264	12946	12951	
The 75th bicluster:
	row_pattern:	543	544	545	546	547	548	
	col_pattern:	823	1964	2014	2491	2525	2844	2857	3407	3728	3855	4245	4536	4743	5012	6004	6077	6114	6261	6292	6317	6689	6970	8108	9425	9562	9726	9844	9914	9976	10053	10893	10978	11325	11676	11750	11864	11891	12403	12464	12649	13014	
The 76th bicluster:
	row_pattern:	533	538	534	535	536	537	539	540	541	
	col_pattern:	596	617	632	680	1503	1848	2553	2756	2911	4334	4375	4384	4433	4612	4617	4618	4622	4953	5179	5241	5361	5397	5992	6169	6366	6509	6566	6752	6832	7431	7537	7638	8175	8423	8743	9022	9280	10776	11369	12264	12946	
The 77th bicluster:
	row_pattern:	320	544	321	322	545	546	547	548	
	col_pattern:	823	1964	2014	2844	2857	3407	3649	3673	3855	4245	4743	5012	5711	5712	6004	6077	6114	6317	6689	6891	6970	8903	9322	9425	9461	9726	9844	9914	9976	10053	10657	10893	10914	10920	11325	11475	11676	11891	12403	12649	13014	
The 78th bicluster:
	row_pattern:	27	470	21	239	240	349	528	
	col_pattern:	209	292	1509	3084	3769	4092	4093	5488	5564	5616	5735	6060	6097	6336	6874	7384	7616	8072	8587	8802	8941	8975	9273	9426	9522	9662	9813	9881	9939	10053	10104	10149	10242	10308	10579	11179	11700	11864	12013	12123	12319	
The 79th bicluster:
	row_pattern:	21	28	27	239	240	349	528	
	col_pattern:	209	292	1509	3084	3769	4092	4093	5488	5564	5616	5735	6060	6097	6336	6874	7384	7616	8072	8587	8802	8941	8975	9273	9426	9522	9662	9813	9881	9939	10053	10149	10242	10308	10579	11154	11179	11700	11864	12013	12123	12319	
The 80th bicluster:
	row_pattern:	448	455	468	477	
	col_pattern:	433	1132	1179	2173	4151	4493	4494	5049	5050	5161	5162	5533	5633	5634	5694	5770	6183	6322	6360	6450	6553	6796	7073	7996	8164	8165	8566	8830	8904	9049	9095	9790	9834	9908	10448	11134	11246	11455	12169	12856	
The 81th bicluster:
	row_pattern:	599	616	600	601	602	603	604	605	606	
	col_pattern:	26	27	30	116	431	914	1553	2117	2170	2200	2371	2400	2629	3279	4611	4685	5500	6355	6529	7148	7190	7466	7504	7617	8342	8451	8565	8585	8774	9900	10601	11745	12364	12419	12493	12582	12639	12660	13024	
The 82th bicluster:
	row_pattern:	470	501	21	239	240	349	528	
	col_pattern:	209	292	1509	3084	3769	4092	4093	5488	5616	5735	6060	6097	6336	6874	7384	7616	8587	8802	8941	8975	9273	9426	9522	9662	9813	9881	9939	10053	10104	10149	10242	10308	10579	11179	11700	11864	11945	12123	12319	
The 83th bicluster:
	row_pattern:	30	32	529	531	532	
	col_pattern:	1108	1626	3409	4389	4479	4496	4725	4761	4858	5179	6326	7144	7259	7415	7796	7806	7873	7923	8063	8448	8635	9167	9647	9695	9733	9791	10138	10260	10298	10592	10638	10663	11350	11541	11593	12547	12878	
The 84th bicluster:
	row_pattern:	14	464	221	504	505	506	507	508	
	col_pattern:	821	2085	2173	3453	3925	3930	3967	4151	5049	5050	5161	5162	5533	5694	5770	6450	6553	6796	7073	7198	7300	8064	8164	8165	8453	9049	9095	9184	9834	9929	10448	11134	11246	11455	12086	12169	
The 85th bicluster:
	row_pattern:	278	395	456	467	
	col_pattern:	578	1123	2542	2590	2607	2853	2948	3060	3110	3187	3283	4246	4306	4849	4850	4920	4921	5695	6721	6910	8665	9069	10002	10062	10087	10739	11122	11452	11565	11946	12055	12088	12665	12888	13019	
The 86th bicluster:
	row_pattern:	27	190	463	528	
	col_pattern:	209	292	1509	4092	4093	5616	5735	6060	6097	6336	6874	7138	7616	8587	8975	9273	9426	9522	9662	10053	10104	10149	10308	10579	10798	10809	11151	11154	11251	11330	11359	11700	11864	12319	12568	
The 87th bicluster:
	row_pattern:	21	463	239	240	349	528	
	col_pattern:	209	292	1509	2810	3362	4092	4093	5564	5616	5735	6060	6097	6336	6874	7616	7678	8072	8587	8975	9273	9426	9522	9662	9995	10053	10104	10149	10308	10579	10798	10809	11154	11700	11864	12319	
The 88th bicluster:
	row_pattern:	21	190	239	240	349	528	
	col_pattern:	209	292	1509	2810	4092	4093	5616	5735	6060	6097	6336	6874	7616	7678	8587	8975	9273	9426	9522	9662	9941	9995	10053	10104	10149	10308	10579	10798	10809	11154	11700	11864	11945	12319	
The 89th bicluster:
	row_pattern:	5	344	6	231	232	233	234	235	342	520	521	522	523	524	525	526	
	col_pattern:	1795	1902	1957	2355	2401	2979	3239	3368	3663	3736	4066	4341	4511	4631	6318	6538	6603	6624	7040	7212	7734	8042	8813	9246	9607	9731	9761	10613	10944	10945	11644	12365	12713	12889	
The 90th bicluster:
	row_pattern:	495	544	496	497	498	545	546	547	548	
	col_pattern:	1964	2014	2491	2525	2844	2857	3649	3673	3728	3855	4536	6004	6077	6114	6317	8108	8903	9562	9726	9844	9914	9976	10053	10657	10914	10920	11325	11475	11750	11891	12403	12649	12995	
The 91th bicluster:
	row_pattern:	358	631	360	361	363	
	col_pattern:	911	1381	3774	4238	4492	4557	4591	4598	4623	4655	4858	5602	5922	6018	6391	6821	7396	7401	7930	8539	9343	9413	9887	10494	11451	11646	11691	11720	12256	12371	12425	12840	12841	
The 92th bicluster:
	row_pattern:	12	631	13	246	
	col_pattern:	269	1381	3774	4238	4492	4557	4591	4598	4623	4655	4858	5602	5922	6018	6391	6821	7396	7401	7930	8539	9343	9413	9887	10494	11451	11646	11691	11720	12256	12371	12425	12840	12841	
The 93th bicluster:
	row_pattern:	12	359	13	246	
	col_pattern:	940	1048	1381	1703	3090	3327	3441	3534	3813	3814	4238	4623	4655	5602	6821	7396	7401	7930	8539	9343	9413	9887	10200	10494	11691	11720	12256	12371	12425	12431	12840	12841	12998	
The 94th bicluster:
	row_pattern:	12	247	13	246	
	col_pattern:	269	940	1048	1298	1381	1703	3441	3813	3814	4238	4598	4623	4655	5602	6052	6821	7396	7401	8539	9343	9413	9887	10200	10494	10852	11691	11720	12256	12371	12425	12840	12841	12998	
The 95th bicluster:
	row_pattern:	446	483	465	480	484	493	494	503	
	col_pattern:	322	1715	1866	2910	3015	3158	3185	3828	3858	4558	4604	5745	6650	7232	7261	7431	7638	7997	8344	9209	9210	9374	10126	10298	11216	11236	11805	12210	12428	12530	12761	13051	
The 96th bicluster:
	row_pattern:	358	359	12	13	246	360	361	363	
	col_pattern:	940	1048	1381	1703	3090	3327	3441	3813	3814	4238	4623	4655	5602	6821	7396	7401	7930	8539	9343	9413	9887	10200	10494	11691	11720	12256	12371	12425	12431	12840	12841	12998	
The 97th bicluster:
	row_pattern:	331	464	334	335	
	col_pattern:	821	2085	2173	3930	3967	4151	5049	5050	5161	5162	5533	5694	5770	6241	6450	6553	6796	7073	8064	8164	8165	9049	9095	9184	9834	9929	10448	11134	11246	11455	12086	12169	
The 98th bicluster:
	row_pattern:	14	199	20	221	504	505	506	507	508	
	col_pattern:	1040	1080	1164	1759	1825	1851	2682	3048	3241	3841	4165	4375	4490	4637	4949	5162	5177	5694	6171	6553	7084	7517	7931	8453	9474	9834	10370	10448	11005	11844	12169	12816	
The 99th bicluster:
	row_pattern:	3	509	337	510	
	col_pattern:	103	732	1701	2467	2950	3427	4623	5457	5581	5709	5713	6052	6821	6930	7528	7911	8380	8666	8814	9343	9887	10200	10494	11235	11395	11691	11720	12256	12330	12840	12841	12998	
The 100th bicluster:
	row_pattern:	522	527	523	524	525	526	
	col_pattern:	1795	1902	2401	3368	3451	3663	3736	4066	4379	4392	4560	4573	4631	4722	5068	5833	6318	6603	6624	7212	7734	8050	8453	9607	9731	9761	10197	10236	10796	11373	12889	
The 101th bicluster:
	row_pattern:	247	358	12	13	246	360	361	363	
	col_pattern:	940	1048	1298	1381	1703	3441	3813	3814	4238	4598	4623	4655	5602	6052	6821	7396	7401	8539	9343	9413	9887	10200	10494	11691	11720	12256	12371	12425	12840	12841	12998	
The 102th bicluster:
	row_pattern:	320	543	321	322	
	col_pattern:	823	1964	2014	2844	2857	3407	3855	4245	4743	5012	5899	6004	6077	6114	6317	6689	6970	9425	9726	9844	9914	9976	10053	10893	11325	11676	11891	12403	12649	13014	
The 103th bicluster:
	row_pattern:	21	485	239	240	349	528	
	col_pattern:	1509	4092	4093	5616	6060	6097	6336	6874	7616	7678	8431	8587	8802	8975	9223	9273	9426	9522	9662	9941	9995	10053	10104	10149	10242	10308	11864	11945	12123	12319	
The 104th bicluster:
	row_pattern:	483	615	484	493	494	
	col_pattern:	1697	1715	1866	2910	3015	3158	3185	3828	3858	4558	6497	6650	6825	7232	7261	7431	7638	7997	9374	10126	10213	10298	11216	11236	11805	12428	12530	12761	13051	
The 105th bicluster:
	row_pattern:	455	464	14	221	468	504	505	506	507	508	
	col_pattern:	821	2085	2173	4151	5049	5050	5161	5162	5533	5694	5770	6450	6553	6796	7073	7198	8064	8164	8165	9049	9095	9834	9929	10448	11134	11246	11455	12086	12169	
The 106th bicluster:
	row_pattern:	27	485	501	528	
	col_pattern:	1509	3027	3077	3710	4092	4093	5616	6060	6097	6336	6874	7616	8431	8587	8802	8975	9223	9273	9426	9522	9662	10053	10104	10149	10242	10308	11864	12123	12319	
The 107th bicluster:
	row_pattern:	12	612	13	246	
	col_pattern:	940	1268	1298	1423	1703	3422	3441	3534	4492	4557	4623	5169	5602	5937	6002	6391	6821	7396	7401	9343	9887	10200	10494	11691	11720	12256	12431	12840	12841	
The 108th bicluster:
	row_pattern:	495	543	496	497	498	
	col_pattern:	1964	2014	2491	2525	2844	2857	3728	3855	4536	6004	6077	6114	6317	8108	9518	9562	9726	9844	9914	9976	10053	10066	10126	11325	11750	11891	12403	12649	
The 109th bicluster:
	row_pattern:	470	485	21	239	240	349	528	
	col_pattern:	1509	4092	4093	5616	6060	6097	6336	6874	7616	7678	8587	8802	8975	9273	9426	9522	9662	9941	10053	10104	10149	10242	10308	11864	11945	12123	12319	
The 110th bicluster:
	row_pattern:	358	612	12	13	246	360	361	363	
	col_pattern:	940	1268	1298	1423	1703	3441	4492	4557	4623	5602	5937	6002	6391	6821	7396	7401	9343	9887	10200	10494	11691	11720	12256	12431	12840	12841	
The 111th bicluster:
	row_pattern:	345	528	347	348	
	col_pattern:	160	1509	2487	3084	5616	6060	6097	6301	6336	6874	7616	8431	8975	9223	9273	9426	9522	9662	10053	10149	10308	11154	11864	12319	12395	
The 112th bicluster:
	row_pattern:	320	495	321	322	496	497	498	544	545	546	547	548	
	col_pattern:	1964	2014	2844	2857	3649	3673	3855	6004	6077	6114	6317	8903	9726	9844	9914	9976	10053	10657	10914	10920	11325	11475	11891	12403	12649	
The 113th bicluster:
	row_pattern:	357	612	12	13	246	358	360	361	362	363	
	col_pattern:	940	1298	1703	3441	4492	4557	4623	5602	5937	6002	6391	6821	7396	7401	9343	9887	10200	10494	11691	11720	12256	12431	12840	12841	
The 114th bicluster:
	row_pattern:	237	522	475	523	524	525	526	527	
	col_pattern:	1795	1902	2401	3451	3663	3736	4379	4392	4560	4573	4631	4722	5833	6603	6624	7734	8050	8453	9607	9731	9761	10197	10236	10796	
The 115th bicluster:
	row_pattern:	21	195	239	240	349	528	
	col_pattern:	1509	3084	4092	4093	5616	5735	6060	6097	6336	6874	6988	7214	7616	8116	8975	9273	9426	9522	9662	10149	10308	11154	11864	12319	
The 116th bicluster:
	row_pattern:	345	501	347	348	528	
	col_pattern:	160	1509	2487	3084	5616	6060	6097	6336	6874	7616	8431	8975	9223	9273	9426	9522	9662	10053	10149	10308	11154	11864	12319	
The 117th bicluster:
	row_pattern:	27	345	347	348	528	
	col_pattern:	1509	2487	3084	5616	6060	6097	6301	6336	6874	7616	8431	8975	9223	9273	9426	9522	9662	10053	10149	10308	11154	11864	12319	
The 118th bicluster:
	row_pattern:	18	250	17	576	
	col_pattern:	909	1043	1227	2338	2517	4084	5018	5568	5672	5673	6149	6215	6552	7004	7681	7704	8323	8330	9066	9747	11216	12913	12924	
The 119th bicluster:
	row_pattern:	30	530	531	532	
	col_pattern:	3430	6326	6499	7047	7259	7415	7796	7873	7914	7923	8063	8448	9733	9786	9791	10260	10638	10663	11350	11713	12547	12878	
The 120th bicluster:
	row_pattern:	29	395	456	467	
	col_pattern:	2590	2607	2853	3060	3110	3187	3283	4610	4918	4921	5715	6927	10002	10739	11122	11452	11565	11946	12055	12088	12888	13019	
The 121th bicluster:
	row_pattern:	21	345	27	239	240	347	348	349	501	528	
	col_pattern:	1509	2487	3084	5616	6060	6097	6336	6874	7616	8431	8975	9223	9273	9426	9522	9662	10053	10149	10308	11154	11864	12319	
The 122th bicluster:
	row_pattern:	16	353	355	356	
	col_pattern:	662	663	687	898	1096	1135	1176	1252	1318	2928	5733	7630	7945	8833	9204	9251	9507	10333	10357	11376	12072	13034	
The 123th bicluster:
	row_pattern:	14	614	221	504	505	506	507	508	
	col_pattern:	43	94	150	387	579	988	1164	2642	2712	3331	3529	4493	4494	4844	5733	7004	8578	8840	10161	12321	12827	12853	
The 124th bicluster:
	row_pattern:	3	12	13	246	337	358	360	361	363	
	col_pattern:	276	300	1703	4623	6052	6821	7396	7401	8814	9343	9887	10200	10494	11691	11720	12256	12431	12434	12840	12841	12925	12998	
The 125th bicluster:
	row_pattern:	0	199	1	2	222	330	332	333	
	col_pattern:	1364	1465	1719	1875	2126	2278	2503	2792	5100	5162	5694	5703	5875	6553	8448	8453	9834	10448	10704	12026	12169	12975	
The 126th bicluster:
	row_pattern:	291	353	355	356	
	col_pattern:	455	904	980	1238	1448	1550	1808	2190	2568	3395	6329	6334	6590	6597	7001	9204	9364	10191	10261	11393	11845	
The 127th bicluster:
	row_pattern:	237	344	475	527	
	col_pattern:	1795	1902	2401	3088	3451	3663	3736	4379	4392	4560	4573	4631	6603	6624	7734	8453	9607	9731	9761	10236	10796	
The 128th bicluster:
	row_pattern:	28	345	347	348	
	col_pattern:	525	1509	3084	5616	6060	6097	6336	6500	6874	7616	8975	9273	9426	9522	9662	10053	10149	10308	11154	11864	12319	
The 129th bicluster:
	row_pattern:	28	195	21	27	239	240	349	501	528	
	col_pattern:	1509	3084	4092	4093	5616	5735	6060	6097	6336	6874	7616	8975	9273	9426	9522	9662	10149	10308	11154	11864	12319	
The 130th bicluster:
	row_pattern:	12	19	13	246	
	col_pattern:	1703	4623	4655	6052	6821	7396	7401	9343	9887	10200	10449	10494	11691	11720	12099	12256	12431	12434	12840	12841	12998	
The 131th bicluster:
	row_pattern:	3	357	337	362	
	col_pattern:	1703	4623	6052	6424	6821	6935	7396	7401	8814	9343	9887	10200	10494	11691	11720	12256	12431	12434	12840	12841	12998	
The 132th bicluster:
	row_pattern:	345	485	347	348	501	528	
	col_pattern:	160	1509	5616	6060	6097	6336	6874	7616	8431	8975	9223	9273	9426	9522	9662	10053	10149	10308	11864	12319	
The 133th bicluster:
	row_pattern:	345	470	28	347	348	
	col_pattern:	525	1509	3084	5616	6060	6097	6336	6500	6874	7616	8975	9273	9426	9522	9662	10053	10149	10308	11864	12319	
The 134th bicluster:
	row_pattern:	205	291	15	365	
	col_pattern:	206	579	615	756	780	1092	1317	1823	2618	4525	4576	4594	4595	6504	6916	6926	8352	9204	9375	12484	
The 135th bicluster:
	row_pattern:	195	470	21	27	28	239	240	349	501	528	
	col_pattern:	1509	3084	4092	4093	5616	5735	6060	6097	6336	6874	7616	8975	9273	9426	9522	9662	10149	10308	11864	12319	
The 136th bicluster:
	row_pattern:	190	345	347	348	463	
	col_pattern:	160	1509	5616	6060	6097	6336	6500	6874	7616	8975	9273	9426	9522	9662	10053	10149	10308	11154	11864	12319	
The 137th bicluster:
	row_pattern:	71	353	16	355	356	568	
	col_pattern:	662	663	687	898	1096	1135	1176	1252	1318	2928	5733	7630	7945	8833	9204	9507	10333	11376	12072	13034	
The 138th bicluster:
	row_pattern:	19	358	12	13	246	360	361	363	
	col_pattern:	1703	4623	4655	6052	6821	7396	7401	9343	9887	10200	10494	11691	11720	12099	12256	12431	12434	12840	12841	12998	
The 139th bicluster:
	row_pattern:	6	527	520	521	
	col_pattern:	1795	1902	2401	3368	3663	3736	4066	4631	5833	6318	6603	6624	7212	7734	9607	9731	9761	11219	11283	12889	
The 140th bicluster:
	row_pattern:	3	22	337	339	
	col_pattern:	103	732	2467	2950	4623	5709	6821	7528	7911	8380	8666	9343	9887	10200	10494	11691	11720	12840	12841	12925	
The 141th bicluster:
	row_pattern:	357	610	245	362	
	col_pattern:	911	1048	1381	2245	3090	3158	3283	3327	4623	6821	7401	7930	9343	9887	10494	12256	12840	12841	12998	
The 142th bicluster:
	row_pattern:	245	358	360	361	363	
	col_pattern:	911	1048	1381	3090	3327	4238	4623	6821	7401	7930	9343	9887	10494	11691	11720	12256	12840	12841	12998	
The 143th bicluster:
	row_pattern:	195	345	347	348	
	col_pattern:	1509	3084	5616	6060	6097	6336	6874	7616	8975	9273	9426	9429	9522	9662	10149	10308	11154	11864	12319	
The 144th bicluster:
	row_pattern:	71	291	16	568	
	col_pattern:	579	615	756	780	1317	2618	3494	3706	4525	4576	4594	4595	6916	6926	7040	8352	9204	9375	12484	
The 145th bicluster:
	row_pattern:	12	245	13	246	
	col_pattern:	269	1048	1381	3090	3327	4238	4623	6821	7401	7930	9343	9887	10494	11691	11720	12256	12840	12841	12998	
The 146th bicluster:
	row_pattern:	5	527	6	231	232	233	234	235	342	520	521	
	col_pattern:	1795	1902	2401	3368	3663	3736	4066	4631	5833	6318	6603	6624	7212	7734	9607	9731	9761	11283	12889	
The 147th bicluster:
	row_pattern:	207	236	343	398	487	
	col_pattern:	917	1221	1252	1294	4354	4594	4595	5990	6108	7911	8641	10163	10741	11219	11788	11839	12200	12844	
The 148th bicluster:
	row_pattern:	21	350	27	239	240	349	528	
	col_pattern:	2604	3193	5616	6060	6097	6336	6874	7616	8587	8975	9273	9426	9662	9813	10149	10308	11864	12319	
The 149th bicluster:
	row_pattern:	452	454	460	488	
	col_pattern:	259	821	1197	2408	2550	3731	3785	4465	4481	6258	6331	8216	9485	11122	12055	12561	12998	
The 150th bicluster:
	row_pattern:	358	610	245	360	361	363	
	col_pattern:	911	1048	1381	3090	3327	4238	4623	6821	7401	7930	9343	9887	10494	12256	12840	12841	12998	
The 151th bicluster:
	row_pattern:	299	353	355	356	
	col_pattern:	931	1779	1891	2488	2567	2568	3357	3670	3810	6253	6255	7630	8385	8564	8782	9999	11852	
The 152th bicluster:
	row_pattern:	199	455	14	20	221	468	504	505	506	507	508	
	col_pattern:	1040	1080	1759	2682	3841	4165	4490	4637	4949	5162	5694	6553	7931	9834	10448	11005	12169	
The 153th bicluster:
	row_pattern:	71	208	16	568	
	col_pattern:	795	831	1945	2073	2839	3494	3706	6688	7306	7536	7945	8833	9204	10793	11591	12072	12339	
The 154th bicluster:
	row_pattern:	67	353	355	356	
	col_pattern:	559	606	709	1350	3368	3395	3449	4474	4476	4477	4867	6061	6319	7053	8453	12055	12313	
The 155th bicluster:
	row_pattern:	12	610	13	245	246	
	col_pattern:	269	1048	1381	3090	3327	4238	4623	6821	7401	7930	9343	9887	10494	12256	12840	12841	12998	
The 156th bicluster:
	row_pattern:	12	509	13	246	510	
	col_pattern:	4238	4623	6052	6391	6821	8814	9343	9887	10200	10494	10852	11691	11720	12256	12840	12841	12998	
The 157th bicluster:
	row_pattern:	3	247	19	337	
	col_pattern:	1703	4623	6052	6095	6821	7396	7401	9343	9887	10200	10494	11691	11720	12256	12840	12841	12998	
The 158th bicluster:
	row_pattern:	358	509	12	13	246	360	361	363	510	
	col_pattern:	4238	4623	6052	6391	6821	8814	9343	9887	10200	10494	11691	11720	12256	12840	12841	12998	
The 159th bicluster:
	row_pattern:	190	350	463	485	528	
	col_pattern:	5616	6060	6097	6336	6874	7616	8587	8975	9273	9426	9662	10149	10308	11864	12319	12459	
The 160th bicluster:
	row_pattern:	28	350	21	27	239	240	349	470	501	528	
	col_pattern:	5616	6060	6097	6336	6874	7616	8587	8975	9273	9426	9662	9813	10149	10308	11864	12319	
The 161th bicluster:
	row_pattern:	14	299	221	504	505	506	507	508	
	col_pattern:	821	1682	2515	2682	6236	6754	6755	7826	8910	10355	10673	10732	10754	11680	11844	12169	
The 162th bicluster:
	row_pattern:	3	359	12	13	19	246	337	357	358	360	361	362	363	
	col_pattern:	1703	4623	6821	7396	7401	9343	9887	10200	10494	11691	11720	12256	12431	12840	12841	12998	
The 163th bicluster:
	row_pattern:	357	509	12	13	246	358	360	361	362	363	510	
	col_pattern:	4623	6052	6391	6821	8814	9343	9887	10200	10494	11691	11720	12256	12840	12841	12998	
The 164th bicluster:
	row_pattern:	345	350	347	348	
	col_pattern:	5382	5616	6060	6097	6336	6874	7616	8975	9273	9426	9662	10149	10308	11864	12319	
The 165th bicluster:
	row_pattern:	292	568	16	71	
	col_pattern:	159	271	579	2263	3182	3736	5214	5645	7623	8770	9116	9184	9507	11834	12811	
The 166th bicluster:
	row_pattern:	247	509	12	13	246	510	
	col_pattern:	4238	4623	6052	6821	9343	9887	10200	10494	10852	11691	11720	12256	12840	12841	12998	
The 167th bicluster:
	row_pattern:	14	291	221	504	505	506	507	508	
	col_pattern:	579	1503	1770	3882	4594	4595	7004	7084	7085	7681	7704	9790	11282	11347	11997	
The 168th bicluster:
	row_pattern:	353	364	355	356	
	col_pattern:	980	1287	1550	1760	3357	4858	5173	5457	6750	8491	8833	9204	9507	13034	
The 169th bicluster:
	row_pattern:	195	350	21	27	28	190	239	240	345	347	348	349	463	470	485	501	528	
	col_pattern:	5616	6060	6097	6336	6874	7616	8975	9273	9426	9662	10149	10308	11864	12319	
The 170th bicluster:
	row_pattern:	16	614	71	568	
	col_pattern:	579	615	756	780	1272	2724	2839	2928	5733	5843	9750	10333	10560	10793	
The 171th bicluster:
	row_pattern:	15	353	355	356	365	
	col_pattern:	662	663	687	1176	1318	2783	2928	4858	7630	8833	9204	11376	12072	13034	
The 172th bicluster:
	row_pattern:	14	353	221	355	356	504	505	506	507	508	
	col_pattern:	688	918	1179	2121	3757	3779	4637	5633	5634	5733	6322	6425	8453	11134	
The 173th bicluster:
	row_pattern:	12	23	13	246	
	col_pattern:	4238	4623	6821	8814	9343	9887	10200	10494	10852	11691	11720	12840	12841	12925	
The 174th bicluster:
	row_pattern:	5	237	6	231	232	233	234	235	342	475	520	521	527	
	col_pattern:	1795	1902	2401	3663	3736	4631	5833	6603	6624	7734	9607	9731	9761	11283	
The 175th bicluster:
	row_pattern:	499	522	523	524	525	526	
	col_pattern:	1715	1957	4341	4511	5611	5898	6603	7040	9246	10613	10944	10945	12713	
The 176th bicluster:
	row_pattern:	459	612	3	337	
	col_pattern:	4623	6653	6700	6821	7396	7401	9343	9887	10200	10494	11691	11720	12256	
The 177th bicluster:
	row_pattern:	353	614	355	356	
	col_pattern:	455	1238	1550	2548	2928	4350	4367	4474	5733	7740	7846	10333	12557	
The 178th bicluster:
	row_pattern:	353	453	355	356	
	col_pattern:	181	493	1022	1203	1287	1350	3869	4517	6464	7410	8385	8809	13028	
The 179th bicluster:
	row_pattern:	292	353	355	356	
	col_pattern:	169	1350	1891	2190	3136	6779	9251	9315	9507	9612	10357	10720	11782	
The 180th bicluster:
	row_pattern:	23	358	12	13	246	360	361	363	
	col_pattern:	4238	4623	6821	8814	9343	9887	10200	10494	11691	11720	12840	12841	12925	
The 181th bicluster:
	row_pattern:	20	353	355	356	
	col_pattern:	688	709	918	2568	4637	5695	6425	7287	8425	8453	8576	11134	12130	
The 182th bicluster:
	row_pattern:	19	509	3	12	13	246	247	337	357	358	360	361	362	363	510	
	col_pattern:	4623	6052	6821	9343	9887	10200	10494	11691	11720	12256	12840	12841	12998	
The 183th bicluster:
	row_pattern:	15	208	16	71	365	568	
	col_pattern:	795	831	2073	2839	6688	7306	7536	8833	9204	10793	11591	12072	12339	
The 184th bicluster:
	row_pattern:	14	16	71	221	504	505	506	507	508	568	
	col_pattern:	199	579	1132	1864	1997	2263	4594	4595	5733	9184	10013	11338	12883	
The 185th bicluster:
	row_pattern:	12	22	13	23	246	339	
	col_pattern:	4238	4623	6821	9343	9887	10200	10494	10852	11691	11720	12840	12841	12925	
The 186th bicluster:
	row_pattern:	3	631	337	612	
	col_pattern:	4623	6653	6821	7396	7401	9343	9887	10494	11691	11720	12256	12840	12841	
The 187th bicluster:
	row_pattern:	389	614	256	449	451	461	
	col_pattern:	110	934	2830	2987	3510	3708	3966	4360	4367	5139	8362	12738	
The 188th bicluster:
	row_pattern:	241	242	243	244	402	492	
	col_pattern:	2718	2749	4790	4899	5873	7277	7706	7793	9199	11122	11123	12055	
The 189th bicluster:
	row_pattern:	205	208	15	16	71	365	568	
	col_pattern:	795	831	2073	2839	6688	7306	8833	9204	10793	11591	12072	12339	
The 190th bicluster:
	row_pattern:	71	336	16	568	
	col_pattern:	1272	3182	3275	3276	3748	4924	7892	8452	8489	8998	10604	12072	
The 191th bicluster:
	row_pattern:	22	612	3	337	339	509	510	
	col_pattern:	4623	5709	6821	8380	9343	9887	10200	10494	11691	11720	12840	12841	
The 192th bicluster:
	row_pattern:	22	358	12	13	23	246	339	360	361	363	
	col_pattern:	4238	4623	6821	9343	9887	10200	10494	11691	11720	12840	12841	12925	
The 193th bicluster:
	row_pattern:	22	247	12	13	23	246	339	509	510	
	col_pattern:	4238	4623	6821	9343	9887	10200	10494	10852	11691	11720	12840	12841	
The 194th bicluster:
	row_pattern:	20	71	16	568	
	col_pattern:	199	1132	1997	4595	6605	8279	9184	10013	10793	11338	12148	12883	
The 195th bicluster:
	row_pattern:	16	290	71	568	
	col_pattern:	159	3182	3477	3827	3905	4389	4623	4725	5645	7541	10196	10631	
The 196th bicluster:
	row_pattern:	14	416	221	504	505	506	507	508	
	col_pattern:	929	3121	3453	3529	5206	5848	6171	7084	7931	8018	11059	12075	
The 197th bicluster:
	row_pattern:	14	208	221	504	505	506	507	508	
	col_pattern:	688	1124	1170	1851	3121	3189	3529	4423	5634	6183	6872	11059	
The 198th bicluster:
	row_pattern:	5	499	6	231	232	233	234	235	342	520	521	
	col_pattern:	1957	4341	4511	5898	6603	7040	9246	10613	10944	10945	11044	12713	
The 199th bicluster:
	row_pattern:	3	245	12	13	19	246	247	337	357	358	359	360	361	362	363	
	col_pattern:	4623	6821	7401	9343	9887	10494	11691	11720	12256	12840	12841	12998	
The 200th bicluster:
	row_pattern:	509	610	245	510	
	col_pattern:	4238	4623	6406	6821	9343	9887	10494	12256	12840	12841	12998	
The 201th bicluster:
	row_pattern:	459	631	3	337	612	
	col_pattern:	4623	6653	6821	7396	7401	9343	9887	10494	11691	11720	12256	
The 202th bicluster:
	row_pattern:	344	499	522	523	524	525	526	
	col_pattern:	1715	1957	4341	4511	6603	7040	9246	10613	10944	10945	12713	
The 203th bicluster:
	row_pattern:	292	365	15	16	71	568	
	col_pattern:	579	3182	3736	5214	5645	7623	8770	9116	9184	11834	12811	
The 204th bicluster:
	row_pattern:	205	353	15	355	356	365	
	col_pattern:	687	1176	1318	2928	4858	7630	8833	9204	11376	12072	13034	
The 205th bicluster:
	row_pattern:	205	352	15	365	
	col_pattern:	1220	1318	2928	4683	6688	6992	7306	8833	9204	11530	12072	
The 206th bicluster:
	row_pattern:	205	336	15	365	
	col_pattern:	1272	3182	3275	3276	3324	8452	8489	8998	9019	10604	12072	
The 207th bicluster:
	row_pattern:	71	352	16	568	
	col_pattern:	809	1318	1945	2928	6688	7306	7945	8833	9204	11530	12072	
The 208th bicluster:
	row_pattern:	71	299	16	568	
	col_pattern:	615	809	2124	2209	5990	6121	6868	7630	8279	9749	9750	
The 209th bicluster:
	row_pattern:	69	353	355	356	
	col_pattern:	360	581	1135	4107	5698	6255	7480	11279	11587	12130	12453	
The 210th bicluster:
	row_pattern:	23	612	3	22	337	339	509	510	
	col_pattern:	4623	5709	6821	9343	9887	10200	10494	11691	11720	12840	12841	
The 211th bicluster:
	row_pattern:	23	357	3	12	13	246	337	358	360	361	362	363	509	510	
	col_pattern:	4623	6821	8814	9343	9887	10200	10494	11691	11720	12840	12841	
The 212th bicluster:
	row_pattern:	22	359	12	13	23	246	247	339	358	360	361	363	509	510	
	col_pattern:	4238	4623	6821	9343	9887	10200	10494	11691	11720	12840	12841	
The 213th bicluster:
	row_pattern:	16	193	71	568	
	col_pattern:	279	578	1729	4522	4623	5644	5645	11350	11930	12459	12691	
The 214th bicluster:
	row_pattern:	14	352	221	504	505	506	507	508	
	col_pattern:	688	918	1959	2088	4074	4368	8453	9042	9401	11134	11824	
The 215th bicluster:
	row_pattern:	12	459	3	13	19	246	247	337	357	358	359	360	361	362	363	612	
	col_pattern:	4623	6821	7396	7401	9343	9887	10200	10494	11691	11720	12256	
The 216th bicluster:
	row_pattern:	538	614	539	540	541	
	col_pattern:	617	2911	3007	6509	6752	6888	6987	7357	8175	9299	
The 217th bicluster:
	row_pattern:	353	455	14	221	355	356	468	504	505	506	507	508	
	col_pattern:	688	1179	2121	4637	5633	5634	5733	6322	6425	11134	
The 218th bicluster:
	row_pattern:	353	448	355	356	477	
	col_pattern:	627	1179	1738	4517	5633	5634	6322	6952	8721	11134	
The 219th bicluster:
	row_pattern:	199	331	178	334	335	
	col_pattern:	1759	5162	5694	5875	6553	9834	10448	11005	12169	12975	
The 220th bicluster:
	row_pattern:	193	353	355	356	
	col_pattern:	1022	1203	1287	1350	2610	3869	4517	7410	7625	13028	
The 221th bicluster:
	row_pattern:	22	245	12	13	23	246	247	339	358	359	360	361	363	509	510	631	
	col_pattern:	4238	4623	6821	9343	9887	10494	11691	11720	12840	12841	
The 222th bicluster:
	row_pattern:	19	22	3	12	13	23	246	247	337	339	357	358	359	360	361	362	363	509	510	612	
	col_pattern:	4623	6821	9343	9887	10200	10494	11691	11720	12840	12841	
The 223th bicluster:
	row_pattern:	16	82	71	568	
	col_pattern:	578	1729	4522	4623	5644	5645	11338	11930	12459	12691	
The 224th bicluster:
	row_pattern:	16	36	15	71	72	365	568	
	col_pattern:	1042	1150	1315	1317	3905	5298	5671	7902	11591	12474	
The 225th bicluster:
	row_pattern:	15	290	16	71	365	568	
	col_pattern:	3182	3477	3827	3905	4389	4623	4725	5645	10196	10631	
The 226th bicluster:
	row_pattern:	14	329	221	504	505	506	507	508	
	col_pattern:	1959	4789	5206	6171	6183	6360	9239	9451	10732	11623	
The 227th bicluster:
	row_pattern:	14	292	221	504	505	506	507	508	
	col_pattern:	579	1503	2053	2263	2315	2393	5177	6796	8578	9184	
The 228th bicluster:
	row_pattern:	10	71	11	193	354	453	
	col_pattern:	578	1729	4522	4623	5644	5645	7738	11350	11930	12691	
The 229th bicluster:
	row_pattern:	3	610	12	13	19	245	246	247	337	357	358	359	360	361	362	363	
	col_pattern:	4623	6821	7401	9343	9887	10494	12256	12840	12841	12998	
The 230th bicluster:
	row_pattern:	0	353	1	2	222	330	332	333	355	356	
	col_pattern:	918	2126	2278	4474	5633	5634	8453	8794	11134	12252	
The 231th bicluster:
	row_pattern:	353	577	355	356	
	col_pattern:	996	2142	2783	5189	5196	5485	5486	5764	6952	
The 232th bicluster:
	row_pattern:	353	565	355	356	
	col_pattern:	326	633	980	2756	3779	4474	4513	4784	10699	
The 233th bicluster:
	row_pattern:	353	528	355	356	
	col_pattern:	1041	2567	3304	7250	11151	11330	12000	12568	12903	
The 234th bicluster:
	row_pattern:	353	408	355	356	453	457	
	col_pattern:	1022	1203	1287	1350	3869	4517	7410	8385	13028	
The 235th bicluster:
	row_pattern:	353	392	355	356	
	col_pattern:	449	683	1878	2784	3673	7250	8576	12060	12161	
The 236th bicluster:
	row_pattern:	331	614	334	335	
	col_pattern:	579	988	1778	4493	4494	4844	5018	8457	8840	
The 237th bicluster:
	row_pattern:	329	465	446	480	503	
	col_pattern:	699	3015	3185	3371	3382	4418	12323	12474	13051	
The 238th bicluster:
	row_pattern:	299	365	15	205	
	col_pattern:	615	2124	2209	4231	5990	6121	6868	7630	8279	
The 239th bicluster:
	row_pattern:	298	353	355	356	
	col_pattern:	683	2831	4350	4536	4873	6051	6950	7241	12453	
The 240th bicluster:
	row_pattern:	256	353	355	356	389	449	451	461	
	col_pattern:	273	449	2295	3164	3279	4367	7625	8545	10699	
The 241th bicluster:
	row_pattern:	256	291	389	449	451	461	
	col_pattern:	42	110	1083	1177	1491	10014	10969	11140	11997	
The 242th bicluster:
	row_pattern:	249	614	396	397	462	482	491	542	
	col_pattern:	780	1310	5284	5833	6603	10333	10560	11634	12635	
The 243th bicluster:
	row_pattern:	245	459	3	12	13	19	246	247	337	357	358	359	360	361	362	363	612	631	
	col_pattern:	4623	6821	7401	9343	9887	10494	11691	11720	12256	
The 244th bicluster:
	row_pattern:	216	353	355	356	
	col_pattern:	5344	5345	6329	6590	7210	7606	8564	8782	9999	
The 245th bicluster:
	row_pattern:	82	353	83	84	355	356	
	col_pattern:	1022	1203	1287	1350	3869	4517	7410	12499	13028	
The 246th bicluster:
	row_pattern:	52	353	355	356	
	col_pattern:	1191	1448	2161	7846	9949	10357	10657	11475	12743	
The 247th bicluster:
	row_pattern:	22	459	23	339	509	510	
	col_pattern:	1739	4623	6821	9343	9887	10200	10494	11691	11720	
The 248th bicluster:
	row_pattern:	16	455	14	71	221	468	504	505	506	507	508	568	
	col_pattern:	199	579	1132	1997	2263	4594	5733	10013	11338	
The 249th bicluster:
	row_pattern:	16	249	71	396	397	462	482	491	542	568	
	col_pattern:	780	5990	6641	9375	10333	10560	10792	12484	12509	
The 250th bicluster:
	row_pattern:	14	73	221	504	505	506	507	508	
	col_pattern:	4074	4368	4595	4793	5040	5161	5770	8164	8165	
The 251th bicluster:
	row_pattern:	14	15	16	71	221	365	504	505	506	507	508	568	
	col_pattern:	199	579	1864	1997	4594	4595	9184	10013	12883	
The 252th bicluster:
	row_pattern:	10	364	11	193	354	453	
	col_pattern:	1287	1729	4623	5644	5645	6072	7821	11350	11930	
The 253th bicluster:
	row_pattern:	10	16	11	71	193	354	408	453	457	568	
	col_pattern:	578	1729	4522	4623	5644	5645	11350	11930	12691	
The 254th bicluster:
	row_pattern:	0	291	1	2	222	330	332	333	
	col_pattern:	324	826	3457	5992	7522	7677	7704	9720	9790	
The 255th bicluster:
	row_pattern:	416	455	14	221	468	504	505	506	507	508	
	col_pattern:	929	3121	3529	5206	5848	7931	8018	12075	
The 256th bicluster:
	row_pattern:	395	407	278	456	467	
	col_pattern:	578	1123	4246	4306	10062	11122	12055	12088	
The 257th bicluster:
	row_pattern:	364	408	10	11	193	354	453	457	
	col_pattern:	1287	1729	4623	5644	5645	7821	11350	11930	
The 258th bicluster:
	row_pattern:	353	552	355	356	
	col_pattern:	559	633	720	898	1135	6412	11385	11544	
The 259th bicluster:
	row_pattern:	331	419	334	335	
	col_pattern:	2088	2127	2128	3911	5081	7996	9049	9095	
The 260th bicluster:
	row_pattern:	329	455	14	221	468	504	505	506	507	508	
	col_pattern:	4789	5206	6183	6360	9239	9451	10732	11623	
The 261th bicluster:
	row_pattern:	292	408	453	457	
	col_pattern:	1350	1918	2418	3792	5645	5873	5874	6713	
The 262th bicluster:
	row_pattern:	249	292	396	397	462	482	491	542	
	col_pattern:	1988	2172	2589	2796	3792	4075	4099	12635	
The 263th bicluster:
	row_pattern:	228	614	229	230	
	col_pattern:	694	1158	1865	4780	7845	7955	9750	12361	
The 264th bicluster:
	row_pattern:	228	299	229	230	
	col_pattern:	708	2815	4717	4718	7360	9750	10854	11886	
The 265th bicluster:
	row_pattern:	205	249	396	397	462	482	491	542	
	col_pattern:	780	4075	5990	6641	9375	10792	12484	12509	
The 266th bicluster:
	row_pattern:	205	206	15	336	365	
	col_pattern:	3182	3275	3276	3324	8998	9019	10604	12072	
The 267th bicluster:
	row_pattern:	178	353	355	356	
	col_pattern:	693	918	2568	5633	5634	6425	8453	11134	
The 268th bicluster:
	row_pattern:	71	206	16	336	568	
	col_pattern:	3182	3275	3276	3748	7892	8998	10604	12072	
The 269th bicluster:
	row_pattern:	35	353	355	356	
	col_pattern:	581	877	931	1287	1350	2472	5995	6692	
The 270th bicluster:
	row_pattern:	22	610	12	13	23	245	246	247	339	358	359	360	361	363	509	510	631	
	col_pattern:	4238	4623	6821	9343	9887	10494	12840	12841	
The 271th bicluster:
	row_pattern:	20	472	473	489	490	
	col_pattern:	3551	4490	6852	8503	8642	11163	11338	12547	
The 272th bicluster:
	row_pattern:	20	256	389	449	451	461	
	col_pattern:	1172	2858	3072	3219	3841	3998	8109	11997	
The 273th bicluster:
	row_pattern:	16	527	71	568	
	col_pattern:	579	615	756	780	3663	3736	6384	10691	
The 274th bicluster:
	row_pattern:	16	236	71	343	568	
	col_pattern:	1252	2577	4594	4595	5298	5671	5990	7911	
The 275th bicluster:
	row_pattern:	16	207	398	487	
	col_pattern:	1252	4594	4595	4725	5990	7911	12082	12474	
The 276th bicluster:
	row_pattern:	16	83	71	82	84	568	
	col_pattern:	578	4522	4623	5644	5645	11338	11930	12691	
The 277th bicluster:
	row_pattern:	16	41	71	568	
	col_pattern:	495	756	780	1150	3748	4576	9236	10333	
The 278th bicluster:
	row_pattern:	15	628	205	364	365	
	col_pattern:	579	1607	1608	5775	6118	9204	9375	10707	
The 279th bicluster:
	row_pattern:	15	614	16	71	205	365	568	
	col_pattern:	579	615	756	780	1272	2839	2928	10793	
The 280th bicluster:
	row_pattern:	15	509	16	71	365	510	568	
	col_pattern:	1997	3116	4623	5595	7911	12173	12256	12601	
The 281th bicluster:
	row_pattern:	15	236	343	365	
	col_pattern:	2577	4594	4595	5298	5671	5990	7827	7911	
The 282th bicluster:
	row_pattern:	14	624	221	504	505	506	507	508	
	col_pattern:	821	1164	2664	3778	4022	4423	4844	7267	
The 283th bicluster:
	row_pattern:	14	364	221	504	505	506	507	508	
	col_pattern:	579	1132	1170	1997	4594	4595	7555	11338	
The 284th bicluster:
	row_pattern:	14	67	221	504	505	506	507	508	
	col_pattern:	1040	2252	2942	7695	7704	8453	11498	12531	
The 285th bicluster:
	row_pattern:	10	353	11	82	83	84	193	354	355	356	408	453	457	
	col_pattern:	1022	1203	1287	1350	3869	4517	7410	13028	
The 286th bicluster:
	row_pattern:	459	610	3	12	13	19	245	246	247	337	357	358	359	360	361	362	363	612	631	
	col_pattern:	4623	6821	7401	9343	9887	10494	12256	
The 287th bicluster:
	row_pattern:	408	419	453	457	
	col_pattern:	2870	3792	4577	4674	5873	5874	8652	
The 288th bicluster:
	row_pattern:	364	398	207	487	
	col_pattern:	917	4594	4595	4725	5990	7911	12474	
The 289th bicluster:
	row_pattern:	353	629	355	356	
	col_pattern:	3670	4474	4517	5196	5764	9204	10878	
The 290th bicluster:
	row_pattern:	353	595	355	356	
	col_pattern:	273	1096	1675	5257	11587	12060	12453	
The 291th bicluster:
	row_pattern:	353	553	355	356	
	col_pattern:	169	180	181	6344	6481	8576	12313	
The 292th bicluster:
	row_pattern:	353	509	355	356	510	
	col_pattern:	559	2190	2568	4564	5457	6322	11927	
The 293th bicluster:
	row_pattern:	353	495	355	356	496	497	498	
	col_pattern:	1367	3649	3673	4536	8107	10657	11475	
The 294th bicluster:
	row_pattern:	353	464	355	356	
	col_pattern:	2126	2278	4476	8453	8794	11134	12252	
The 295th bicluster:
	row_pattern:	353	371	355	356	
	col_pattern:	1022	1471	1538	4367	6322	7413	12313	
The 296th bicluster:
	row_pattern:	353	369	355	356	
	col_pattern:	627	720	721	931	2439	2704	2818	
The 297th bicluster:
	row_pattern:	352	472	473	489	490	
	col_pattern:	1350	2143	3036	7410	8805	9204	12547	
The 298th bicluster:
	row_pattern:	299	331	334	335	
	col_pattern:	821	2738	2878	3819	6755	11784	12169	
The 299th bicluster:
	row_pattern:	292	472	473	489	490	
	col_pattern:	1204	1350	1918	4558	6218	8263	8805	
The 300th bicluster:
	row_pattern:	292	455	14	221	468	504	505	506	507	508	
	col_pattern:	579	1503	2053	2263	2393	6796	8578	
The 301th bicluster:
	row_pattern:	291	472	473	489	490	
	col_pattern:	213	789	980	1918	9204	9427	9994	
The 302th bicluster:
	row_pattern:	227	292	24	340	
	col_pattern:	558	567	1829	2418	3182	5508	10860	
The 303th bicluster:
	row_pattern:	209	353	355	356	
	col_pattern:	1252	1694	4476	4517	5344	5345	12959	
The 304th bicluster:
	row_pattern:	208	256	389	449	451	461	
	col_pattern:	61	3164	3279	3966	4367	5662	6461	
The 305th bicluster:
	row_pattern:	205	509	15	16	71	365	510	568	
	col_pattern:	1997	3116	5595	7911	12173	12256	12601	
The 306th bicluster:
	row_pattern:	205	216	15	365	
	col_pattern:	314	701	1292	2607	4956	5869	10290	
The 307th bicluster:
	row_pattern:	199	353	355	356	
	col_pattern:	709	2126	2278	4367	4637	8453	12130	
The 308th bicluster:
	row_pattern:	82	614	83	84	193	
	col_pattern:	72	602	620	651	6441	10881	12763	
The 309th bicluster:
	row_pattern:	71	207	16	398	487	568	
	col_pattern:	1252	4594	4595	4725	5990	7911	12474	
The 310th bicluster:
	row_pattern:	67	455	14	221	468	504	505	506	507	508	
	col_pattern:	1040	2252	2942	7695	7704	11498	12531	
The 311th bicluster:
	row_pattern:	67	249	396	397	462	482	491	542	
	col_pattern:	546	3220	4099	5945	10779	10895	11044	
The 312th bicluster:
	row_pattern:	30	364	531	532	
	col_pattern:	4389	4725	4858	7796	10638	11350	12226	
The 313th bicluster:
	row_pattern:	22	291	339	509	510	
	col_pattern:	1009	1067	1083	1107	5677	7528	8666	
The 314th bicluster:
	row_pattern:	22	206	339	509	510	
	col_pattern:	1009	1067	1083	1107	11691	11718	11720	
The 315th bicluster:
	row_pattern:	16	575	71	568	
	col_pattern:	284	1131	1252	1607	1709	3116	5298	
The 316th bicluster:
	row_pattern:	16	564	71	568	
	col_pattern:	737	1945	2721	5298	5402	9016	11968	
The 317th bicluster:
	row_pattern:	16	552	71	568	
	col_pattern:	898	1018	1135	2607	3494	3706	11653	
The 318th bicluster:
	row_pattern:	16	281	71	568	
	col_pattern:	579	1131	1150	4525	6400	9727	12363	
The 319th bicluster:
	row_pattern:	16	228	71	229	230	568	
	col_pattern:	1132	1295	2577	3116	3622	3637	9750	
The 320th bicluster:
	row_pattern:	16	216	15	71	365	568	
	col_pattern:	314	701	1292	2607	4956	5869	8939	
The 321th bicluster:
	row_pattern:	16	209	71	568	
	col_pattern:	284	1131	1252	2377	3437	3477	5402	
The 322th bicluster:
	row_pattern:	16	188	71	568	
	col_pattern:	374	1487	2607	3663	3736	10631	10707	
The 323th bicluster:
	row_pattern:	16	178	20	71	568	
	col_pattern:	1132	1997	9184	10793	11338	12148	12883	
The 324th bicluster:
	row_pattern:	16	24	71	568	
	col_pattern:	1131	3182	4623	6605	8660	9804	11517	
The 325th bicluster:
	row_pattern:	15	383	365	476	
	col_pattern:	1055	1279	1302	1382	4300	6224	6605	
The 326th bicluster:
	row_pattern:	15	249	16	71	205	365	396	397	462	482	491	542	568	
	col_pattern:	780	5990	6641	9375	10792	12484	12509	
The 327th bicluster:
	row_pattern:	15	199	205	364	365	
	col_pattern:	756	780	6458	6504	7229	8949	9599	
The 328th bicluster:
	row_pattern:	14	636	221	504	505	506	507	508	
	col_pattern:	4022	4153	4844	5735	8453	11824	12075	
The 329th bicluster:
	row_pattern:	14	509	221	504	505	506	507	508	510	
	col_pattern:	1080	1997	4844	6322	10697	11680	11691	
The 330th bicluster:
	row_pattern:	14	419	221	504	505	506	507	508	
	col_pattern:	1164	2088	2531	5351	7996	9049	9095	
The 331th bicluster:
	row_pattern:	14	236	221	343	504	505	506	507	508	
	col_pattern:	1682	2436	4594	4595	9790	12748	12856	
The 332th bicluster:
	row_pattern:	14	209	221	506	
	col_pattern:	99	3189	3412	5685	9087	10610	12277	
The 333th bicluster:
	row_pattern:	14	205	15	16	71	221	365	504	505	506	507	508	568	
	col_pattern:	199	579	1864	1997	4594	4595	12883	
The 334th bicluster:
	row_pattern:	10	20	11	354	408	457	
	col_pattern:	2327	3410	3636	10448	11356	11668	12547	
The 335th bicluster:
	row_pattern:	0	277	1	2	222	330	332	333	
	col_pattern:	2126	2278	2301	2372	3789	4474	11455	
The 336th bicluster:
	row_pattern:	599	614	600	601	602	603	604	605	606	
	col_pattern:	914	3646	9086	9299	9481	11745	
The 337th bicluster:
	row_pattern:	455	636	14	221	468	504	505	506	507	508	
	col_pattern:	4022	4153	4844	5735	11824	12075	
The 338th bicluster:
	row_pattern:	455	509	14	221	468	504	505	506	507	508	510	
	col_pattern:	1080	1997	4844	6322	11680	11691	
The 339th bicluster:
	row_pattern:	364	465	446	480	503	
	col_pattern:	980	3015	3185	7997	12323	12474	
The 340th bicluster:
	row_pattern:	364	455	14	221	468	504	505	506	507	508	
	col_pattern:	579	1132	1170	1997	4594	11338	
The 341th bicluster:
	row_pattern:	353	590	355	356	
	col_pattern:	1694	2144	3110	3187	3304	5473	
The 342th bicluster:
	row_pattern:	353	582	355	356	
	col_pattern:	141	169	180	1171	1176	9385	
The 343th bicluster:
	row_pattern:	353	411	355	356	
	col_pattern:	693	1016	1077	1134	1779	9083	
The 344th bicluster:
	row_pattern:	353	395	355	356	456	467	
	col_pattern:	3069	3110	3187	5473	5695	12055	
The 345th bicluster:
	row_pattern:	353	388	355	356	
	col_pattern:	996	1016	1287	1350	3368	8545	
The 346th bicluster:
	row_pattern:	352	538	539	540	541	
	col_pattern:	2735	2756	5675	8423	9299	10685	
The 347th bicluster:
	row_pattern:	352	455	14	221	468	504	505	506	507	508	
	col_pattern:	688	4074	4368	9042	11134	11824	
The 348th bicluster:
	row_pattern:	352	408	453	457	
	col_pattern:	1287	1350	6182	7410	8550	12547	
The 349th bicluster:
	row_pattern:	352	389	256	449	451	461	
	col_pattern:	3164	3279	3591	5016	7083	7506	
The 350th bicluster:
	row_pattern:	331	421	334	335	
	col_pattern:	1777	1778	8300	8526	9239	9451	
The 351th bicluster:
	row_pattern:	329	353	355	356	
	col_pattern:	4784	7410	8794	10699	10941	11902	
The 352th bicluster:
	row_pattern:	313	353	355	356	
	col_pattern:	1165	1179	8107	8576	11657	13028	
The 353th bicluster:
	row_pattern:	307	353	355	356	
	col_pattern:	877	8067	8794	10191	10574	11279	
The 354th bicluster:
	row_pattern:	305	353	355	356	
	col_pattern:	3774	4474	6051	6950	7685	8425	
The 355th bicluster:
	row_pattern:	299	408	453	457	
	col_pattern:	1289	5874	8385	8652	11668	12371	
The 356th bicluster:
	row_pattern:	292	483	484	493	494	
	col_pattern:	3828	3856	4558	7313	9846	12280	
The 357th bicluster:
	row_pattern:	285	353	355	356	
	col_pattern:	1367	2167	2793	4858	7757	7846	
The 358th bicluster:
	row_pattern:	281	353	355	356	
	col_pattern:	7685	8385	8425	9949	10720	12743	
The 359th bicluster:
	row_pattern:	256	416	389	449	451	461	
	col_pattern:	948	1177	2687	2706	3164	7331	
The 360th bicluster:
	row_pattern:	251	353	355	356	
	col_pattern:	493	1166	2295	3757	9309	9334	
The 361th bicluster:
	row_pattern:	249	447	396	397	450	462	482	491	542	
	col_pattern:	1673	1781	1886	2800	3212	9285	
The 362th bicluster:
	row_pattern:	249	364	15	16	71	205	365	396	397	462	482	491	542	568	
	col_pattern:	780	5990	6641	9375	12484	12509	
The 363th bicluster:
	row_pattern:	220	353	355	356	372	
	col_pattern:	455	904	1448	3136	7120	8545	
The 364th bicluster:
	row_pattern:	209	504	14	221	505	506	507	508	
	col_pattern:	99	3189	3412	5685	9087	12277	
The 365th bicluster:
	row_pattern:	208	249	396	397	462	482	491	542	
	col_pattern:	1690	4297	4715	7304	11356	11564	
The 366th bicluster:
	row_pattern:	207	384	398	487	
	col_pattern:	699	703	745	1718	3142	5382	
The 367th bicluster:
	row_pattern:	207	341	398	487	
	col_pattern:	5819	5835	8931	9724	9741	12200	
The 368th bicluster:
	row_pattern:	205	383	15	365	476	
	col_pattern:	1055	1279	1302	1382	6224	6605	
The 369th bicluster:
	row_pattern:	205	236	15	343	365	
	col_pattern:	2577	4594	4595	5990	7827	7911	
The 370th bicluster:
	row_pattern:	165	353	355	356	
	col_pattern:	918	1022	1203	2135	2295	8794	
The 371th bicluster:
	row_pattern:	83	364	82	84	
	col_pattern:	1287	4623	5644	5645	11338	11930	
The 372th bicluster:
	row_pattern:	82	292	83	84	
	col_pattern:	1350	1918	2418	3792	5645	10364	
The 373th bicluster:
	row_pattern:	82	205	16	71	193	568	
	col_pattern:	578	5644	5645	11930	12459	12691	
The 374th bicluster:
	row_pattern:	73	455	14	20	178	221	468	504	505	506	507	508	
	col_pattern:	4074	4368	5161	5770	8164	8165	
The 375th bicluster:
	row_pattern:	71	323	16	324	568	
	col_pattern:	1607	1608	5958	7630	7953	8568	
The 376th bicluster:
	row_pattern:	32	538	529	539	540	541	
	col_pattern:	4433	4622	5179	6915	7125	8448	
The 377th bicluster:
	row_pattern:	32	364	30	529	531	532	
	col_pattern:	4389	4725	4858	7796	10638	11350	
The 378th bicluster:
	row_pattern:	29	242	243	244	402	492	
	col_pattern:	4915	4916	4925	6145	11122	12055	
The 379th bicluster:
	row_pattern:	26	291	167	373	
	col_pattern:	1644	2110	3377	8353	10050	12426	
The 380th bicluster:
	row_pattern:	25	614	513	514	515	516	517	518	519	
	col_pattern:	112	694	1865	4780	9750	12361	
The 381th bicluster:
	row_pattern:	20	636	14	221	504	505	506	507	508	
	col_pattern:	4153	4844	5735	8453	11824	12075	
The 382th bicluster:
	row_pattern:	20	538	539	540	541	
	col_pattern:	1503	4375	6566	7555	11655	11680	
The 383th bicluster:
	row_pattern:	20	249	396	397	462	482	491	542	
	col_pattern:	1705	3844	7304	9475	11356	11564	
The 384th bicluster:
	row_pattern:	20	237	475	522	523	524	525	526	527	
	col_pattern:	4560	4573	4722	8050	8453	10236	
The 385th bicluster:
	row_pattern:	16	628	15	71	205	364	365	568	
	col_pattern:	579	1607	1608	9204	9375	10707	
The 386th bicluster:
	row_pattern:	16	595	71	568	
	col_pattern:	404	1096	4136	4294	4576	8279	
The 387th bicluster:
	row_pattern:	16	528	71	568	
	col_pattern:	2487	3027	3645	7892	9939	12459	
The 388th bicluster:
	row_pattern:	16	448	71	477	568	
	col_pattern:	1132	1487	3622	5214	6605	9184	
The 389th bicluster:
	row_pattern:	16	344	71	568	
	col_pattern:	756	780	3663	3736	7040	12713	
The 390th bicluster:
	row_pattern:	16	329	15	71	205	365	568	
	col_pattern:	3015	3185	3736	8732	12323	12474	
The 391th bicluster:
	row_pattern:	16	270	71	568	
	col_pattern:	2086	5355	5411	8624	8995	11530	
The 392th bicluster:
	row_pattern:	16	264	71	568	
	col_pattern:	2271	5298	8052	11922	12451	12544	
The 393th bicluster:
	row_pattern:	16	259	71	568	
	col_pattern:	701	1315	1317	1796	2476	10855	
The 394th bicluster:
	row_pattern:	16	199	15	71	205	364	365	568	
	col_pattern:	756	780	6458	7229	8949	9599	
The 395th bicluster:
	row_pattern:	16	69	71	568	
	col_pattern:	284	1135	2240	3286	8624	9599	
The 396th bicluster:
	row_pattern:	16	54	71	568	
	col_pattern:	271	6804	7817	11350	11883	11961	
The 397th bicluster:
	row_pattern:	15	582	16	71	205	365	568	
	col_pattern:	1176	1608	4525	4576	5402	7813	
The 398th bicluster:
	row_pattern:	15	573	16	71	365	568	
	col_pattern:	1272	1608	3027	3885	7576	7688	
The 399th bicluster:
	row_pattern:	15	527	16	71	205	365	568	
	col_pattern:	579	615	756	780	3736	6384	
The 400th bicluster:
	row_pattern:	15	440	205	365	
	col_pattern:	1058	1059	2476	7902	7978	10653	
The 401th bicluster:
	row_pattern:	15	392	205	365	
	col_pattern:	2617	2618	2627	3071	8365	11554	
The 402th bicluster:
	row_pattern:	15	285	205	364	365	
	col_pattern:	1346	1661	4858	10290	11571	12970	
The 403th bicluster:
	row_pattern:	15	207	16	71	205	364	365	398	487	568	
	col_pattern:	4594	4595	4725	5990	7911	12474	
The 404th bicluster:
	row_pattern:	15	82	16	71	193	365	568	
	col_pattern:	578	4623	5644	5645	12459	12691	
The 405th bicluster:
	row_pattern:	15	41	16	71	205	365	568	
	col_pattern:	495	756	780	1150	4576	9236	
The 406th bicluster:
	row_pattern:	15	24	16	71	365	568	
	col_pattern:	3182	4623	6605	8660	9804	11517	
The 407th bicluster:
	row_pattern:	14	629	221	504	505	506	507	508	
	col_pattern:	2664	4434	4480	10199	12075	12853	
The 408th bicluster:
	row_pattern:	14	612	221	504	505	506	507	508	
	col_pattern:	1040	1080	1814	9790	11691	12431	
The 409th bicluster:
	row_pattern:	14	595	221	504	505	506	507	508	
	col_pattern:	3256	4844	8164	9058	9451	10835	
The 410th bicluster:
	row_pattern:	14	553	221	504	505	506	507	508	
	col_pattern:	1780	2163	2252	5082	5889	9790	
The 411th bicluster:
	row_pattern:	14	277	221	504	505	506	507	508	
	col_pattern:	3757	5526	8958	11455	11600	11601	
The 412th bicluster:
	row_pattern:	14	264	221	504	505	506	507	508	
	col_pattern:	91	1124	1780	2163	7242	9142	
The 413th bicluster:
	row_pattern:	14	260	20	221	504	505	506	507	508	
	col_pattern:	4595	5161	5770	8164	8165	9401	
The 414th bicluster:
	row_pattern:	14	256	221	504	505	506	507	508	
	col_pattern:	2858	3219	3841	3998	6628	11997	
The 415th bicluster:
	row_pattern:	14	250	221	455	468	504	505	506	507	508	576	
	col_pattern:	1132	3121	3529	7004	7681	7704	
The 416th bicluster:
	row_pattern:	14	37	221	504	505	506	507	508	
	col_pattern:	4423	4595	5161	5770	7704	7931	
The 417th bicluster:
	row_pattern:	10	629	11	193	354	408	453	457	
	col_pattern:	4404	4517	4674	5569	6182	9381	
The 418th bicluster:
	row_pattern:	10	614	11	193	354	408	453	457	
	col_pattern:	602	620	651	6441	7005	12763	
The 419th bicluster:
	row_pattern:	10	292	11	193	354	453	
	col_pattern:	1350	1918	3792	5645	6713	10413	
The 420th bicluster:
	row_pattern:	10	205	11	193	354	408	453	457	
	col_pattern:	578	5644	5645	7821	11930	12691	
The 421th bicluster:
	row_pattern:	10	15	11	193	354	365	408	453	457	
	col_pattern:	578	4623	5644	5645	7821	12691	
The 422th bicluster:
	row_pattern:	4	352	223	224	225	226	512	
	col_pattern:	2997	3030	6486	8564	8782	11890	
The 423th bicluster:
	row_pattern:	0	614	1	2	222	330	332	333	
	col_pattern:	4164	4474	4493	4494	10704	11988	
The 424th bicluster:
	row_pattern:	0	73	1	2	222	330	332	333	
	col_pattern:	5161	5403	5770	6237	8164	8165	
