The 1th bicluster:
	row_pattern:	352	353	355	356	
	col_pattern:	641	709	302	360	397	493	505	596	606	610	628	633	634	644	662	680	687	688	1096	1350	1373	1476	1891	1943	3136	3154	7241	
The 2th bicluster:
	row_pattern:	352	353	355	356	
	col_pattern:	641	1891	302	360	397	493	596	606	610	633	634	644	680	681	709	1277	1373	1448	1476	1943	2144	2488	2568	3136	3154	7241	
The 3th bicluster:
	row_pattern:	352	353	355	356	
	col_pattern:	641	1350	302	360	397	493	596	606	610	633	634	644	680	681	709	1096	1287	1373	1448	1476	1891	1943	2144	3136	3154	7241	
The 4th bicluster:
	row_pattern:	352	353	355	356	
	col_pattern:	634	1350	493	505	596	606	610	628	641	644	662	663	680	687	688	709	770	855	1096	1287	1373	1891	1943	3136	3154	7241	
The 5th bicluster:
	row_pattern:	352	353	355	356	
	col_pattern:	610	641	18	302	360	397	455	493	596	606	633	634	644	904	1277	1373	1448	1476	1891	1943	2144	2488	2568	2993	3136	7241	
The 6th bicluster:
	row_pattern:	352	353	355	356	
	col_pattern:	606	641	18	360	397	455	493	596	610	633	634	644	904	1277	1373	1448	1476	1891	1943	2144	2488	2568	2993	3136	3154	7241	
The 7th bicluster:
	row_pattern:	352	353	355	356	
	col_pattern:	641	644	302	360	397	455	493	596	606	610	633	634	680	709	855	1277	1373	1891	1943	2144	2488	2568	3136	3154	7241	
The 8th bicluster:
	row_pattern:	352	353	355	356	
	col_pattern:	641	1943	18	302	360	397	455	493	596	606	610	633	634	644	681	1277	1373	1891	2144	2488	2568	3136	3154	7241	
The 9th bicluster:
	row_pattern:	208	353	355	356	
	col_pattern:	633	1943	18	360	397	455	493	606	610	634	641	644	681	904	1277	1373	1476	1891	2144	2488	2568	3136	3154	7241	
The 10th bicluster:
	row_pattern:	352	353	355	356	
	col_pattern:	709	1287	493	505	596	610	628	634	641	644	662	663	680	687	688	770	855	1350	1373	1891	3136	3154	7241	
The 11th bicluster:
	row_pattern:	352	353	355	356	
	col_pattern:	641	2568	18	302	360	397	493	596	606	610	633	644	904	1277	1373	1476	1891	1943	2144	2156	2488	2993	7241	
The 12th bicluster:
	row_pattern:	352	353	355	356	
	col_pattern:	641	2488	18	360	397	493	596	606	610	633	644	681	1277	1373	1476	1891	1943	2144	2156	2568	3136	3154	7241	
The 13th bicluster:
	row_pattern:	352	353	355	356	
	col_pattern:	641	1277	18	360	397	455	493	606	610	633	634	644	681	904	1373	1891	1943	2144	2488	2568	3136	3154	7241	
The 14th bicluster:
	row_pattern:	208	353	355	356	
	col_pattern:	633	2568	18	360	397	493	606	610	641	644	681	904	1277	1373	1476	1891	1943	2144	2156	2488	3136	3154	7241	
The 15th bicluster:
	row_pattern:	352	353	355	356	
	col_pattern:	397	641	18	360	493	596	606	610	633	634	644	681	709	1277	1373	1476	1891	1943	2144	2488	2568	2993	7241	
The 16th bicluster:
	row_pattern:	208	353	355	356	
	col_pattern:	397	633	18	360	493	606	610	634	641	644	681	904	1277	1373	1476	1891	1943	2144	2488	2568	3136	3154	7241	
The 17th bicluster:
	row_pattern:	352	353	355	356	
	col_pattern:	610	1350	302	455	493	596	606	633	634	641	644	680	709	855	898	1287	1373	1891	1943	3136	3154	7241	
The 18th bicluster:
	row_pattern:	208	352	353	355	356	
	col_pattern:	709	1943	302	397	493	505	606	610	633	634	641	644	680	904	1277	1373	1891	2488	2568	3136	7241	
The 19th bicluster:
	row_pattern:	208	352	353	355	356	
	col_pattern:	610	1943	18	397	493	596	606	633	634	641	644	681	709	1277	1373	1891	2488	2568	3136	3154	7241	
The 20th bicluster:
	row_pattern:	208	352	353	355	356	
	col_pattern:	610	644	302	397	493	596	606	633	634	641	680	709	1277	1373	1891	1943	2144	2488	2568	3136	7241	
The 21th bicluster:
	row_pattern:	208	352	353	355	356	
	col_pattern:	493	1891	302	397	606	610	633	634	641	644	681	709	904	1277	1373	1943	2488	2568	3136	3154	7241	
The 22th bicluster:
	row_pattern:	208	352	353	355	356	
	col_pattern:	493	709	302	397	606	610	633	634	641	644	680	681	1277	1891	1943	2144	2488	2568	3136	3154	7241	
The 23th bicluster:
	row_pattern:	208	352	353	355	356	
	col_pattern:	493	644	302	397	606	610	633	634	641	681	709	904	1277	1891	1943	2144	2488	2568	3136	3154	7241	
The 24th bicluster:
	row_pattern:	15	16	71	205	365	568	
	col_pattern:	1522	2271	445	579	615	662	663	687	688	756	780	1058	1059	1096	1315	1317	1557	1661	1704	
The 25th bicluster:
	row_pattern:	208	353	355	356	
	col_pattern:	633	644	18	397	455	493	606	610	634	641	904	1213	1277	1373	1448	1943	2488	2568	3154	
The 26th bicluster:
	row_pattern:	208	352	353	355	356	
	col_pattern:	1891	1943	302	397	493	596	606	610	633	634	641	644	680	709	904	1096	1277	7241	
The 27th bicluster:
	row_pattern:	15	16	71	205	365	568	
	col_pattern:	1704	2271	445	579	615	662	663	687	688	756	780	1058	1059	1096	1315	1317	1557	1661	
The 28th bicluster:
	row_pattern:	15	16	71	205	365	568	
	col_pattern:	1315	1522	579	615	662	663	687	756	757	780	1058	1059	1096	1317	1661	1704	2271	4560	
The 29th bicluster:
	row_pattern:	208	352	353	355	356	
	col_pattern:	644	1943	302	397	493	596	606	610	633	634	641	680	709	898	1277	1373	1891	7241	
The 30th bicluster:
	row_pattern:	15	16	71	205	365	568	
	col_pattern:	615	1704	445	579	662	663	687	756	757	780	1058	1059	1096	1315	1317	1557	1661	2271	
The 31th bicluster:
	row_pattern:	208	352	353	355	356	
	col_pattern:	709	1891	302	397	493	505	606	610	628	634	641	644	662	688	1096	1943	7241	
The 32th bicluster:
	row_pattern:	15	16	71	365	568	
	col_pattern:	663	2271	579	615	662	687	688	756	780	1058	1059	1096	1315	1317	1557	1661	1704	
The 33th bicluster:
	row_pattern:	208	352	353	355	356	
	col_pattern:	610	1891	302	397	493	596	606	633	634	641	644	680	709	898	1350	1943	7241	
The 34th bicluster:
	row_pattern:	208	352	353	355	356	
	col_pattern:	610	709	302	397	493	505	606	628	634	641	644	662	688	1891	1943	3136	7241	
The 35th bicluster:
	row_pattern:	15	16	71	205	364	365	568	
	col_pattern:	445	1661	579	615	662	663	687	756	780	1058	1059	1096	1315	1317	1557	1704	2271	
The 36th bicluster:
	row_pattern:	15	16	71	205	365	568	
	col_pattern:	1704	2577	445	579	615	662	663	687	688	756	780	1058	1059	1096	1661	2271	
The 37th bicluster:
	row_pattern:	15	16	71	205	364	365	568	
	col_pattern:	1661	2271	445	579	615	662	663	687	756	780	1058	1059	1072	1315	1317	1704	
The 38th bicluster:
	row_pattern:	15	16	71	205	364	365	568	
	col_pattern:	1317	2271	579	615	662	663	687	756	780	1058	1059	1096	1315	1557	1661	1704	
The 39th bicluster:
	row_pattern:	15	16	71	205	365	568	
	col_pattern:	1317	1704	579	615	662	663	687	756	757	780	1058	1059	1096	1315	1661	2271	
The 40th bicluster:
	row_pattern:	208	352	353	355	356	
	col_pattern:	1277	2568	18	397	493	606	610	633	641	644	681	904	1891	1943	2144	2488	
The 41th bicluster:
	row_pattern:	15	16	71	205	365	568	
	col_pattern:	1058	1315	579	615	662	663	687	756	757	780	1059	1317	1557	1661	1704	2271	
The 42th bicluster:
	row_pattern:	15	16	71	205	365	568	
	col_pattern:	701	1704	445	579	615	662	663	687	688	756	780	1058	1059	1096	1661	2271	
The 43th bicluster:
	row_pattern:	208	353	355	356	
	col_pattern:	633	1277	18	397	455	493	606	610	634	641	644	651	1943	2488	2568	3154	
The 44th bicluster:
	row_pattern:	208	352	353	355	356	
	col_pattern:	606	2568	18	397	493	610	633	634	641	644	681	904	1277	1943	2488	3154	
The 45th bicluster:
	row_pattern:	208	352	353	355	356	
	col_pattern:	606	610	18	397	493	596	633	634	641	644	904	1277	1943	2488	2568	2993	
The 46th bicluster:
	row_pattern:	208	352	353	355	356	
	col_pattern:	397	644	18	493	606	610	633	634	641	904	1277	1373	1943	2488	2568	2993	
The 47th bicluster:
	row_pattern:	208	352	353	355	356	
	col_pattern:	1943	2568	18	397	493	606	610	633	634	641	644	651	1277	2488	3154	
The 48th bicluster:
	row_pattern:	208	352	353	355	356	
	col_pattern:	1277	2488	18	397	493	606	610	633	641	644	681	904	1943	2568	3154	
The 49th bicluster:
	row_pattern:	15	16	71	205	365	568	
	col_pattern:	1059	1704	445	579	615	662	663	687	688	756	780	1058	1096	1661	2271	
The 50th bicluster:
	row_pattern:	15	16	71	205	364	365	568	
	col_pattern:	1059	1317	579	615	662	663	687	756	780	1058	1096	1315	1661	1704	2271	
The 51th bicluster:
	row_pattern:	15	16	71	205	364	365	568	
	col_pattern:	701	2271	445	579	615	662	663	687	756	780	1058	1059	1072	1661	1704	
The 52th bicluster:
	row_pattern:	10	11	82	193	354	408	453	457	
	col_pattern:	639	651	410	517	591	600	602	603	635	1289	2547	3418	5060	5532	5710	
The 53th bicluster:
	row_pattern:	208	352	353	355	356	
	col_pattern:	610	1277	18	397	493	606	633	634	641	644	855	1943	2488	2568	3154	
The 54th bicluster:
	row_pattern:	208	352	353	355	356	
	col_pattern:	606	634	397	443	493	610	633	641	644	709	898	904	1277	1943	3154	
The 55th bicluster:
	row_pattern:	10	11	82	83	84	193	354	408	453	457	
	col_pattern:	591	651	410	517	600	602	620	635	639	1289	1328	2547	3418	5060	5532	
The 56th bicluster:
	row_pattern:	15	16	71	205	364	365	568	
	col_pattern:	579	701	445	615	662	663	687	756	780	1058	1059	1096	1661	1704	2271	
The 57th bicluster:
	row_pattern:	15	16	71	205	365	568	
	col_pattern:	445	1058	579	615	662	663	687	756	757	780	1059	1661	1704	2271	4560	
The 58th bicluster:
	row_pattern:	15	16	71	205	365	568	
	col_pattern:	3079	3257	199	221	284	304	366	404	494	500	1272	1382	4323	4533	
The 59th bicluster:
	row_pattern:	15	16	71	205	364	365	568	
	col_pattern:	1059	2271	445	579	615	662	663	687	756	780	1058	1096	1661	1704	
The 60th bicluster:
	row_pattern:	352	353	355	356	
	col_pattern:	770	918	505	596	627	688	693	709	1096	1135	1287	1350	2291	5189	
The 61th bicluster:
	row_pattern:	15	16	71	365	568	
	col_pattern:	707	1382	159	199	284	304	366	404	494	500	1272	1796	3257	4323	
The 62th bicluster:
	row_pattern:	15	16	71	365	568	
	col_pattern:	663	1059	579	615	662	687	688	756	780	1058	1096	1661	1704	2271	
The 63th bicluster:
	row_pattern:	15	16	71	365	568	
	col_pattern:	662	756	271	284	304	366	404	494	615	617	687	780	1382	2265	
The 64th bicluster:
	row_pattern:	15	16	71	365	568	
	col_pattern:	615	663	579	662	687	756	757	780	1058	1059	1096	1661	1704	2271	
The 65th bicluster:
	row_pattern:	15	16	71	365	568	
	col_pattern:	615	662	271	284	304	366	404	494	687	688	756	780	1382	2265	
The 66th bicluster:
	row_pattern:	10	11	82	83	84	193	354	408	453	457	
	col_pattern:	602	2547	517	591	600	620	635	639	651	1289	1328	3418	5060	5532	
The 67th bicluster:
	row_pattern:	10	11	82	193	354	408	453	457	
	col_pattern:	602	639	410	517	591	600	614	635	1289	2547	3418	5060	5532	12985	
The 68th bicluster:
	row_pattern:	10	11	82	83	84	193	354	408	453	457	
	col_pattern:	591	602	410	517	600	635	639	651	1289	1328	2547	3418	5060	5532	
The 69th bicluster:
	row_pattern:	10	11	82	83	84	193	354	408	453	457	
	col_pattern:	3418	5060	591	600	602	620	635	639	651	1289	1328	2547	5532	
The 70th bicluster:
	row_pattern:	15	16	71	205	364	365	568	
	col_pattern:	780	1059	579	615	662	663	687	756	1058	1096	1661	1704	2271	
The 71th bicluster:
	row_pattern:	15	16	71	205	365	568	
	col_pattern:	780	1058	579	615	662	663	687	756	757	1059	1661	1704	2271	
The 72th bicluster:
	row_pattern:	15	16	71	205	365	568	
	col_pattern:	756	1058	579	615	662	663	687	780	825	1059	1661	1704	2271	
The 73th bicluster:
	row_pattern:	15	16	71	205	365	568	
	col_pattern:	687	780	579	615	662	663	756	1058	1059	1072	1661	1704	2271	
The 74th bicluster:
	row_pattern:	15	16	71	205	291	364	365	568	
	col_pattern:	615	1317	579	662	663	756	780	1058	1059	1315	1661	1704	2271	
The 75th bicluster:
	row_pattern:	10	11	193	354	408	453	457	
	col_pattern:	600	2547	410	517	591	614	635	639	1289	3418	5060	5532	5710	
The 76th bicluster:
	row_pattern:	15	16	71	205	365	568	
	col_pattern:	3257	4323	199	221	284	304	366	404	494	500	1272	1382	
The 77th bicluster:
	row_pattern:	10	11	82	83	84	193	354	408	453	457	
	col_pattern:	1289	2547	410	517	591	600	635	639	3418	5060	5532	5710	
The 78th bicluster:
	row_pattern:	15	16	71	205	365	440	568	
	col_pattern:	1058	1059	579	615	662	663	687	756	780	1661	1704	2271	
The 79th bicluster:
	row_pattern:	208	352	353	355	356	
	col_pattern:	709	770	493	505	610	627	641	688	1350	1891	3136	7241	
The 80th bicluster:
	row_pattern:	10	11	82	193	354	408	453	457	
	col_pattern:	639	2547	410	517	591	600	614	635	1289	3418	5060	5532	
The 81th bicluster:
	row_pattern:	10	11	193	354	408	453	457	
	col_pattern:	635	2547	410	517	591	600	603	639	1289	3418	5060	5532	
The 82th bicluster:
	row_pattern:	208	352	353	355	356	
	col_pattern:	634	644	455	493	606	610	633	641	898	1277	1373	1943	
The 83th bicluster:
	row_pattern:	10	11	82	83	84	193	354	408	453	457	614	
	col_pattern:	620	651	591	600	602	635	830	1289	2547	3418	5060	5532	
The 84th bicluster:
	row_pattern:	10	11	82	193	354	408	453	457	
	col_pattern:	591	639	410	517	600	635	1289	1328	2547	3418	5060	5532	
The 85th bicluster:
	row_pattern:	10	11	193	354	408	453	457	
	col_pattern:	591	600	410	517	635	639	641	1289	2547	3418	5060	5532	
The 86th bicluster:
	row_pattern:	15	16	71	205	365	568	
	col_pattern:	494	1382	199	221	284	304	366	404	1272	1274	3257	4323	
The 87th bicluster:
	row_pattern:	82	83	84	193	
	col_pattern:	410	2134	72	517	591	600	1289	1328	2547	3418	5060	5532	
The 88th bicluster:
	row_pattern:	15	16	71	205	365	568	
	col_pattern:	199	1382	284	304	366	404	409	494	1272	1401	3257	4323	
The 89th bicluster:
	row_pattern:	15	16	71	205	365	568	
	col_pattern:	199	404	284	304	366	494	500	1272	1382	1401	3257	4323	
The 90th bicluster:
	row_pattern:	82	83	84	193	
	col_pattern:	72	2547	410	517	591	600	1289	1328	3418	5060	5532	12985	
The 91th bicluster:
	row_pattern:	208	299	352	353	355	356	
	col_pattern:	1891	2568	397	493	606	610	633	634	644	1277	2488	
The 92th bicluster:
	row_pattern:	14	221	504	505	506	507	508	
	col_pattern:	1195	1959	43	579	688	834	858	879	918	929	4153	
The 93th bicluster:
	row_pattern:	14	178	221	504	505	506	507	508	
	col_pattern:	929	1959	43	199	579	688	781	834	879	1195	4153	
The 94th bicluster:
	row_pattern:	14	20	221	504	505	506	507	508	
	col_pattern:	918	1195	43	579	688	834	879	929	961	1959	4153	
The 95th bicluster:
	row_pattern:	14	20	221	504	505	506	507	508	
	col_pattern:	879	918	43	579	688	834	929	1195	1221	1959	4153	
The 96th bicluster:
	row_pattern:	14	221	504	505	506	507	508	
	col_pattern:	834	1959	43	579	688	879	884	918	929	1195	4153	
The 97th bicluster:
	row_pattern:	14	20	221	504	505	506	507	508	
	col_pattern:	834	929	43	199	579	688	781	879	1419	1959	4153	
The 98th bicluster:
	row_pattern:	10	11	82	83	84	193	354	408	453	457	614	
	col_pattern:	602	620	591	600	639	651	830	1022	1289	2547	3418	
The 99th bicluster:
	row_pattern:	14	221	455	468	504	505	506	507	508	
	col_pattern:	579	1195	43	688	834	879	918	929	1959	3760	4153	
The 100th bicluster:
	row_pattern:	14	221	504	505	506	507	508	
	col_pattern:	579	834	43	688	879	918	919	929	1195	1959	4153	
The 101th bicluster:
	row_pattern:	15	16	71	205	365	568	
	col_pattern:	494	1272	199	221	284	304	366	404	1382	1383	3257	
The 102th bicluster:
	row_pattern:	15	16	71	205	364	365	568	
	col_pattern:	366	1272	199	284	304	404	494	1382	3257	4323	5455	
The 103th bicluster:
	row_pattern:	249	396	397	462	482	491	542	
	col_pattern:	2796	3212	546	1310	1383	1408	1412	1728	2800	3184	
The 104th bicluster:
	row_pattern:	256	389	449	451	461	
	col_pattern:	2271	2573	8	61	109	966	975	1177	4977	5662	
The 105th bicluster:
	row_pattern:	249	396	397	462	482	491	542	
	col_pattern:	1408	1728	546	1310	1383	2796	2800	2823	3184	3212	
The 106th bicluster:
	row_pattern:	14	221	504	505	506	507	508	
	col_pattern:	1170	2286	91	150	387	1864	1867	2173	2315	2327	
The 107th bicluster:
	row_pattern:	256	389	449	451	461	
	col_pattern:	966	2573	8	61	109	1177	1180	2271	4977	5662	
The 108th bicluster:
	row_pattern:	256	389	449	451	461	
	col_pattern:	966	1177	8	61	109	1391	2271	2573	4977	5662	
The 109th bicluster:
	row_pattern:	256	389	449	451	461	
	col_pattern:	934	2573	8	61	1177	1391	2271	3125	4977	5662	
The 110th bicluster:
	row_pattern:	14	20	221	455	468	504	505	506	507	508	
	col_pattern:	879	2053	579	688	834	918	929	1195	1959	4153	
The 111th bicluster:
	row_pattern:	14	20	221	455	468	504	505	506	507	508	
	col_pattern:	879	1195	43	579	688	834	918	929	1959	4153	
The 112th bicluster:
	row_pattern:	14	20	221	455	468	504	505	506	507	508	
	col_pattern:	879	929	43	199	579	688	781	834	1959	4153	
The 113th bicluster:
	row_pattern:	10	11	82	83	84	193	354	408	453	457	
	col_pattern:	830	1022	602	620	651	1203	1213	2272	2547	3418	
The 114th bicluster:
	row_pattern:	15	16	71	205	365	568	
	col_pattern:	737	1317	578	1315	1522	1557	1661	1704	2271	2291	
The 115th bicluster:
	row_pattern:	15	16	71	364	365	568	
	col_pattern:	707	1272	199	284	304	366	404	494	1382	1796	
The 116th bicluster:
	row_pattern:	14	221	352	504	505	506	507	508	
	col_pattern:	688	1959	43	579	834	879	918	929	1195	4153	
The 117th bicluster:
	row_pattern:	20	208	352	353	355	356	
	col_pattern:	688	709	493	610	634	641	644	1891	1943	7241	
The 118th bicluster:
	row_pattern:	10	11	82	83	84	193	354	408	453	457	
	col_pattern:	651	1203	602	620	830	1022	1025	2272	2547	3418	
The 119th bicluster:
	row_pattern:	14	221	504	505	506	507	508	
	col_pattern:	150	1170	91	387	1546	1654	1820	1864	2173	2327	
The 120th bicluster:
	row_pattern:	14	221	455	468	504	505	506	507	508	614	
	col_pattern:	43	579	688	834	879	918	929	1195	1959	4153	
The 121th bicluster:
	row_pattern:	472	473	489	490	
	col_pattern:	2823	2895	494	1097	1586	2075	2076	2671	2896	
The 122th bicluster:
	row_pattern:	249	396	397	462	482	491	542	
	col_pattern:	2800	3184	546	1310	1408	1728	1732	2796	3212	
The 123th bicluster:
	row_pattern:	14	221	504	505	506	507	508	
	col_pattern:	2286	2315	91	150	387	1864	1867	2173	2327	
The 124th bicluster:
	row_pattern:	14	221	504	505	506	507	508	
	col_pattern:	2173	2315	91	150	387	1546	1600	1864	2327	
The 125th bicluster:
	row_pattern:	14	221	504	505	506	507	508	
	col_pattern:	1864	2327	91	150	1170	1546	1562	1654	2173	
The 126th bicluster:
	row_pattern:	472	473	489	490	
	col_pattern:	1564	2143	980	1204	1350	1587	1605	4413	4558	
The 127th bicluster:
	row_pattern:	14	221	504	505	506	507	508	
	col_pattern:	1546	1864	91	150	1170	1654	1720	2173	2327	
The 128th bicluster:
	row_pattern:	256	389	449	451	461	
	col_pattern:	1491	2271	8	61	109	1391	2573	3125	5662	
The 129th bicluster:
	row_pattern:	249	396	397	462	482	491	542	
	col_pattern:	1383	1629	1408	1673	1781	1886	1994	2800	3212	
The 130th bicluster:
	row_pattern:	249	396	397	462	482	491	542	613	
	col_pattern:	1383	1408	546	1310	1728	2796	2800	3184	3212	
The 131th bicluster:
	row_pattern:	249	396	397	462	482	491	542	
	col_pattern:	1310	1728	546	1408	2796	2800	2813	3184	3212	
The 132th bicluster:
	row_pattern:	256	389	449	451	461	
	col_pattern:	1177	2573	8	61	966	1391	2271	4977	5662	
The 133th bicluster:
	row_pattern:	14	221	504	505	506	507	508	
	col_pattern:	1170	1546	91	150	1654	1864	1867	2173	2327	
The 134th bicluster:
	row_pattern:	10	11	82	83	84	193	354	408	453	457	
	col_pattern:	1022	2272	602	620	651	830	887	2547	3418	
The 135th bicluster:
	row_pattern:	10	11	82	83	84	193	354	408	453	457	
	col_pattern:	830	2272	602	620	651	1022	1025	2547	3418	
The 136th bicluster:
	row_pattern:	15	16	71	205	365	568	
	col_pattern:	737	1704	578	1315	1317	1522	1541	1661	2271	
The 137th bicluster:
	row_pattern:	15	16	71	205	365	568	
	col_pattern:	737	1661	578	1315	1317	1557	1704	2271	4560	
The 138th bicluster:
	row_pattern:	249	396	397	462	482	491	542	
	col_pattern:	546	1310	1148	1167	1408	2800	2813	3184	3212	
The 139th bicluster:
	row_pattern:	256	389	449	451	461	
	col_pattern:	429	2573	8	61	1177	1391	2271	4977	5662	
The 140th bicluster:
	row_pattern:	14	221	504	505	506	507	508	
	col_pattern:	387	2286	91	150	1864	2173	2188	2315	2327	
The 141th bicluster:
	row_pattern:	14	221	504	505	506	507	508	
	col_pattern:	150	2173	91	387	1546	1654	1670	1864	2327	
The 142th bicluster:
	row_pattern:	256	389	449	451	461	
	col_pattern:	45	1218	34	110	160	422	425	429	934	
The 143th bicluster:
	row_pattern:	256	389	449	451	461	
	col_pattern:	8	1491	61	109	2271	2573	2587	3125	5662	
The 144th bicluster:
	row_pattern:	472	473	489	490	
	col_pattern:	2895	2896	494	1586	2075	2671	2673	2823	
The 145th bicluster:
	row_pattern:	599	600	601	602	603	604	605	606	
	col_pattern:	2814	2834	431	918	1350	2719	2749	4121	
The 146th bicluster:
	row_pattern:	599	600	601	602	603	604	605	606	
	col_pattern:	2719	2834	431	918	1350	2814	2903	4121	
The 147th bicluster:
	row_pattern:	10	11	131	193	354	
	col_pattern:	2272	2306	602	620	651	830	1022	3418	
The 148th bicluster:
	row_pattern:	14	221	504	505	506	507	508	
	col_pattern:	1654	1864	150	1170	1546	2173	2195	2327	
The 149th bicluster:
	row_pattern:	472	473	489	490	
	col_pattern:	1586	2075	1097	2671	2823	2895	2896	2933	
The 150th bicluster:
	row_pattern:	14	20	221	504	505	506	507	508	
	col_pattern:	1546	2327	91	150	1170	1654	1864	2173	
The 151th bicluster:
	row_pattern:	14	20	178	221	504	505	506	507	508	
	col_pattern:	1546	2173	91	150	1170	1654	1864	2327	
The 152th bicluster:
	row_pattern:	256	259	389	449	451	461	
	col_pattern:	1491	2573	8	61	1177	2271	4977	5662	
The 153th bicluster:
	row_pattern:	249	396	397	462	482	491	542	
	col_pattern:	1383	1886	1408	1673	1781	2800	2823	3212	
The 154th bicluster:
	row_pattern:	472	473	489	490	
	col_pattern:	1350	1587	980	1204	1564	2143	2164	4558	
The 155th bicluster:
	row_pattern:	14	221	331	334	335	455	468	504	505	506	507	508	
	col_pattern:	579	929	43	199	688	781	834	879	
The 156th bicluster:
	row_pattern:	538	539	540	541	
	col_pattern:	546	617	81	219	306	632	635	8994	
The 157th bicluster:
	row_pattern:	352	353	355	356	453	
	col_pattern:	493	1350	302	397	1287	1891	1943	7241	
The 158th bicluster:
	row_pattern:	352	353	355	356	453	
	col_pattern:	493	1287	302	606	1350	1891	1943	7241	
The 159th bicluster:
	row_pattern:	15	16	71	205	364	365	568	
	col_pattern:	445	701	1058	1059	1096	1661	1704	2271	
The 160th bicluster:
	row_pattern:	256	389	449	451	461	
	col_pattern:	422	1218	34	45	110	160	165	429	
The 161th bicluster:
	row_pattern:	256	389	449	451	461	
	col_pattern:	422	934	34	45	110	160	165	429	
The 162th bicluster:
	row_pattern:	538	539	540	541	
	col_pattern:	219	306	64	81	546	8692	8893	8994	
The 163th bicluster:
	row_pattern:	14	20	221	331	334	335	455	468	504	505	506	507	508	
	col_pattern:	199	929	43	579	688	781	879	4153	
The 164th bicluster:
	row_pattern:	14	221	504	505	506	507	508	
	col_pattern:	150	2315	91	387	1864	2173	2195	2327	
The 165th bicluster:
	row_pattern:	14	221	504	505	506	507	508	
	col_pattern:	150	1654	91	1546	1864	2173	2195	2327	
The 166th bicluster:
	row_pattern:	14	221	504	505	506	507	508	
	col_pattern:	150	1179	91	1864	2173	2315	2327	2409	
The 167th bicluster:
	row_pattern:	14	221	455	468	504	505	506	507	508	
	col_pattern:	94	929	43	199	688	781	788	3882	
The 168th bicluster:
	row_pattern:	14	221	504	505	506	507	508	
	col_pattern:	91	387	150	1864	2173	2315	2327	2360	
The 169th bicluster:
	row_pattern:	256	389	449	451	461	
	col_pattern:	45	934	34	110	160	422	425	429	
The 170th bicluster:
	row_pattern:	15	16	71	365	568	
	col_pattern:	3248	3824	314	2618	3346	4911	5108	
The 171th bicluster:
	row_pattern:	599	600	601	602	603	604	605	606	
	col_pattern:	2834	4121	1350	2719	2814	3646	3731	
The 172th bicluster:
	row_pattern:	538	539	540	541	
	col_pattern:	2776	4433	596	617	632	680	681	
The 173th bicluster:
	row_pattern:	599	600	601	602	603	604	605	606	
	col_pattern:	2719	2814	918	1350	2834	4121	4153	
The 174th bicluster:
	row_pattern:	249	396	397	447	450	462	482	485	491	542	
	col_pattern:	1781	1886	1383	1408	1673	2800	3212	
The 175th bicluster:
	row_pattern:	14	20	221	455	468	504	505	506	507	508	
	col_pattern:	1654	2327	150	1170	1546	1864	2173	
The 176th bicluster:
	row_pattern:	472	473	489	490	
	col_pattern:	1587	2143	980	1204	1350	1564	1570	
The 177th bicluster:
	row_pattern:	98	472	473	489	490	
	col_pattern:	1564	1587	980	1204	1350	2143	4558	
The 178th bicluster:
	row_pattern:	353	355	356	614	
	col_pattern:	1550	2548	360	397	633	1238	1277	
The 179th bicluster:
	row_pattern:	60	353	355	356	
	col_pattern:	1550	2488	360	397	606	2568	2783	
The 180th bicluster:
	row_pattern:	352	472	473	489	490	
	col_pattern:	1350	2143	980	1204	1564	1587	4558	
The 181th bicluster:
	row_pattern:	353	355	356	578	
	col_pattern:	1350	1995	596	634	641	1287	1493	
The 182th bicluster:
	row_pattern:	15	16	71	205	365	568	
	col_pattern:	1317	1522	1315	1557	1661	1704	2271	
The 183th bicluster:
	row_pattern:	353	355	356	578	
	col_pattern:	1287	1995	596	641	680	1350	1493	
The 184th bicluster:
	row_pattern:	242	243	244	402	492	
	col_pattern:	1274	1568	1	9	14	614	615	
The 185th bicluster:
	row_pattern:	291	353	355	356	
	col_pattern:	1238	2568	302	360	397	1550	1584	
The 186th bicluster:
	row_pattern:	353	355	356	614	
	col_pattern:	1238	2548	302	360	397	1550	1584	
The 187th bicluster:
	row_pattern:	256	389	449	451	461	
	col_pattern:	1218	2573	45	422	429	934	945	
The 188th bicluster:
	row_pattern:	292	472	473	489	490	
	col_pattern:	1204	1350	980	1564	1587	2143	4558	
The 189th bicluster:
	row_pattern:	249	396	397	462	482	491	542	
	col_pattern:	1167	1310	546	780	1148	3184	3336	
The 190th bicluster:
	row_pattern:	16	71	353	355	356	568	
	col_pattern:	1096	1135	662	663	680	687	688	
The 191th bicluster:
	row_pattern:	16	71	552	568	
	col_pattern:	1018	1135	445	701	898	1058	1059	
The 192th bicluster:
	row_pattern:	256	389	449	451	461	
	col_pattern:	934	1218	45	422	429	2573	2597	
The 193th bicluster:
	row_pattern:	14	221	504	505	506	507	508	
	col_pattern:	918	2286	387	834	1195	1959	1962	
The 194th bicluster:
	row_pattern:	15	16	71	205	365	568	
	col_pattern:	737	2073	578	1557	1661	1704	2271	
The 195th bicluster:
	row_pattern:	208	352	353	355	356	
	col_pattern:	688	770	505	709	918	3942	7241	
The 196th bicluster:
	row_pattern:	16	71	353	355	356	568	
	col_pattern:	687	1096	662	663	680	1135	1200	
The 197th bicluster:
	row_pattern:	33	533	534	535	536	537	
	col_pattern:	632	1666	596	617	680	854	855	
The 198th bicluster:
	row_pattern:	33	533	534	535	536	537	
	col_pattern:	632	854	596	617	680	1666	1672	
The 199th bicluster:
	row_pattern:	15	16	71	205	365	568	
	col_pattern:	578	737	1661	1704	2073	2271	2334	
The 200th bicluster:
	row_pattern:	538	539	540	541	
	col_pattern:	546	632	81	219	306	617	618	
The 201th bicluster:
	row_pattern:	14	20	221	504	505	506	507	508	
	col_pattern:	387	1195	91	150	918	2286	2315	
The 202th bicluster:
	row_pattern:	538	539	540	541	
	col_pattern:	306	546	81	219	632	8994	9387	
The 203th bicluster:
	row_pattern:	483	484	493	494	
	col_pattern:	257	322	66	127	248	5358	5400	
The 204th bicluster:
	row_pattern:	353	355	356	553	
	col_pattern:	169	181	141	180	927	1171	2704	
The 205th bicluster:
	row_pattern:	256	389	449	451	461	
	col_pattern:	160	422	34	45	110	429	434	
The 206th bicluster:
	row_pattern:	14	221	504	505	506	507	508	
	col_pattern:	150	1825	91	1864	2173	2327	2361	
The 207th bicluster:
	row_pattern:	353	355	356	582	
	col_pattern:	141	180	169	181	927	1171	2704	
The 208th bicluster:
	row_pattern:	256	389	449	451	461	
	col_pattern:	110	273	34	160	3252	5934	10546	
The 209th bicluster:
	row_pattern:	14	221	455	468	504	505	506	507	508	
	col_pattern:	94	781	43	199	929	3882	3906	
The 210th bicluster:
	row_pattern:	125	538	539	540	541	
	col_pattern:	64	81	219	306	546	8692	8994	
The 211th bicluster:
	row_pattern:	256	389	449	451	461	
	col_pattern:	45	429	34	110	160	422	425	
The 212th bicluster:
	row_pattern:	25	228	229	230	513	514	515	516	517	518	519	
	col_pattern:	3637	3942	112	467	708	3622	
The 213th bicluster:
	row_pattern:	15	16	71	255	365	568	
	col_pattern:	3346	3824	314	2618	3248	4911	
The 214th bicluster:
	row_pattern:	249	396	397	447	450	462	482	491	542	
	col_pattern:	2800	3212	546	1310	1383	1408	
The 215th bicluster:
	row_pattern:	14	20	221	331	334	335	455	468	504	505	506	507	508	
	col_pattern:	2173	2327	91	150	1170	1654	
The 216th bicluster:
	row_pattern:	15	16	71	205	365	568	
	col_pattern:	1867	2074	1292	1864	2628	9374	
The 217th bicluster:
	row_pattern:	249	396	397	447	450	462	482	485	491	542	632	
	col_pattern:	1673	1781	1383	1886	2800	3212	
The 218th bicluster:
	row_pattern:	14	20	178	221	455	468	504	505	506	507	508	
	col_pattern:	1654	2173	150	1170	1546	2327	
The 219th bicluster:
	row_pattern:	14	221	331	334	335	455	468	504	505	506	507	508	
	col_pattern:	1170	2327	91	150	1654	2173	
The 220th bicluster:
	row_pattern:	14	221	331	334	335	455	468	504	505	506	507	508	
	col_pattern:	781	929	43	94	199	688	
The 221th bicluster:
	row_pattern:	33	533	534	535	536	537	538	539	540	541	
	col_pattern:	632	680	596	617	1666	4433	
The 222th bicluster:
	row_pattern:	33	186	533	534	535	536	537	538	539	540	541	
	col_pattern:	617	632	596	680	1666	4433	
The 223th bicluster:
	row_pattern:	15	16	71	205	291	364	365	527	568	614	
	col_pattern:	615	780	579	662	756	1058	
The 224th bicluster:
	row_pattern:	33	533	534	535	536	537	608	
	col_pattern:	596	1666	617	632	680	854	
The 225th bicluster:
	row_pattern:	16	71	364	568	
	col_pattern:	542	1059	1058	1096	1704	2271	
The 226th bicluster:
	row_pattern:	14	20	221	504	505	506	507	508	
	col_pattern:	387	918	91	1195	2286	2315	
The 227th bicluster:
	row_pattern:	14	221	331	334	335	455	468	504	505	506	507	508	
	col_pattern:	199	781	43	94	929	3882	
The 228th bicluster:
	row_pattern:	256	389	449	451	461	611	
	col_pattern:	34	110	45	160	422	429	
